contractSymbol,lastTradeDate,strike,lastPrice,bid,ask,change,percentChange,volume,openInterest,impliedVolatility,inTheMoney,contractSize,currency,type
SPY280616C00050000,2026-06-23 13:46:16+00:00,50.0,687.33,687.07,692.0,0.0,0.0,1.0,3,1.0000000000000003e-05,True,REGULAR,USD,call
SPY280616C00055000,2026-05-27 18:04:33+00:00,55.0,692.5,0.0,0.0,0.0,0.0,1.0,0,1.0000000000000003e-05,True,REGULAR,USD,call
SPY280616C00060000,2026-04-15 16:51:51+00:00,60.0,637.05,676.0,680.5,0.0,0.0,1.0,0,1.0000000000000003e-05,True,REGULAR,USD,call
SPY280616C00065000,2026-03-20 18:41:02+00:00,65.0,584.47,643.55,648.5,0.0,0.0,2.0,0,1.0000000000000003e-05,True,REGULAR,USD,call
SPY280616C00070000,2026-03-27 17:53:29+00:00,70.0,567.09,0.0,0.0,0.0,0.0,1.0,0,1.0000000000000003e-05,True,REGULAR,USD,call
SPY280616C00075000,2026-03-30 17:43:12+00:00,75.0,559.61,0.0,0.0,0.0,0.0,1.0,0,1.0000000000000003e-05,True,REGULAR,USD,call
SPY280616C00080000,2026-05-27 18:04:33+00:00,80.0,667.6,0.0,0.0,0.0,0.0,1.0,0,1.0000000000000003e-05,True,REGULAR,USD,call
SPY280616C00105000,2026-08-27 16:27:45+00:00,105.0,666.0,658.13,663.0,0.0,0.0,,334,0.58789474609375,True,REGULAR,USD,call
SPY280616C00135000,2026-02-09 14:31:09+00:00,135.0,553.94,0.0,0.0,0.0,0.0,44.0,0,1.0000000000000003e-05,True,REGULAR,USD,call
SPY280616C00140000,2026-02-09 15:04:54+00:00,140.0,551.5,0.0,0.0,0.0,0.0,132.0,0,1.0000000000000003e-05,True,REGULAR,USD,call
SPY280616C00150000,2026-06-03 19:56:04+00:00,150.0,608.0,0.0,0.0,0.0,0.0,,0,1.0000000000000003e-05,True,REGULAR,USD,call
SPY280616C00155000,2025-12-10 19:40:08+00:00,155.0,531.5,532.0,536.0,0.0,0.0,,0,1.0000000000000003e-05,True,REGULAR,USD,call
SPY280616C00160000,2026-06-22 14:26:22+00:00,160.0,593.5,582.0,585.71,0.0,0.0,1.0,42,1.0000000000000003e-05,True,REGULAR,USD,call
SPY280616C00165000,2026-06-22 16:13:49+00:00,165.0,586.93,577.5,581.2,0.0,0.0,1.0,11,1.0000000000000003e-05,True,REGULAR,USD,call
SPY280616C00180000,2026-04-17 15:50:10+00:00,180.0,536.35,563.0,567.0,0.0,0.0,6.0,6,1.0000000000000003e-05,True,REGULAR,USD,call
SPY280616C00190000,2026-05-06 18:11:58+00:00,190.0,547.55,554.0,558.0,0.0,0.0,1.0,2,1.0000000000000003e-05,True,REGULAR,USD,call
SPY280616C00195000,2026-05-12 17:19:11+00:00,195.0,544.95,563.5,567.5,0.0,0.0,1.0,1,1.0000000000000003e-05,True,REGULAR,USD,call
SPY280616C00200000,2026-07-10 16:04:48+00:00,200.0,559.5,567.29,572.0,0.0,0.0,1.0,20,0.5699505895996093,True,REGULAR,USD,call
SPY280616C00210000,2026-05-05 18:22:09+00:00,210.0,522.04,536.0,540.0,0.0,0.0,1.0,1,1.0000000000000003e-05,True,REGULAR,USD,call
SPY280616C00225000,2026-06-10 17:12:50+00:00,225.0,514.5,538.0,542.16,0.0,0.0,1.0,11,0.45337460693359377,True,REGULAR,USD,call
SPY280616C00240000,2026-05-29 14:47:19+00:00,240.0,526.0,0.0,0.0,0.0,0.0,2.0,0,1.0000000000000003e-05,True,REGULAR,USD,call
SPY280616C00250000,2025-12-22 14:38:46+00:00,250.0,445.86,451.68,456.0,0.0,0.0,4.0,4,1.0000000000000003e-05,True,REGULAR,USD,call
SPY280616C00300000,2026-06-12 14:52:56+00:00,300.0,458.5,470.5,474.96,0.0,0.0,1.0,18,0.48245756805419926,True,REGULAR,USD,call
SPY280616C00320000,2026-06-24 16:33:31+00:00,320.0,440.52,459.08,464.0,0.0,0.0,2.0,4,0.5177355355834962,True,REGULAR,USD,call
SPY280616C00340000,2026-08-04 18:31:08+00:00,340.0,452.16,442.5,447.5,0.0,0.0,40.0,13,0.5146685496520995,True,REGULAR,USD,call
SPY280616C00345000,2026-08-07 16:14:41+00:00,345.0,449.35,438.0,443.0,0.0,0.0,2.0,1,0.5106707868957521,True,REGULAR,USD,call
SPY280616C00350000,2026-08-19 15:00:42+00:00,350.0,443.05,433.5,438.5,0.0,0.0,1.0,15,0.5066577655029296,True,REGULAR,USD,call
SPY280616C00360000,2026-03-31 13:41:50+00:00,360.0,307.48,0.0,0.0,0.0,0.0,2.0,0,1.0000000000000003e-05,True,REGULAR,USD,call
SPY280616C00365000,2026-03-31 13:43:54+00:00,365.0,303.43,0.0,0.0,0.0,0.0,1.0,0,1.0000000000000003e-05,True,REGULAR,USD,call
SPY280616C00370000,2026-05-21 13:40:42+00:00,370.0,394.07,0.0,0.0,0.0,0.0,1.0,0,1.0000000000000003e-05,True,REGULAR,USD,call
SPY280616C00375000,2026-06-30 19:59:59+00:00,375.0,398.26,410.0,414.99,0.0,0.0,1.0,8,0.4963887031555176,True,REGULAR,USD,call
SPY280616C00380000,2025-12-16 20:02:25+00:00,380.0,327.23,327.41,332.0,0.0,0.0,,1,1.0000000000000003e-05,True,REGULAR,USD,call
SPY280616C00385000,2025-12-11 14:59:36+00:00,385.0,328.0,323.17,328.0,0.0,0.0,,0,1.0000000000000003e-05,True,REGULAR,USD,call
SPY280616C00390000,2026-08-14 15:20:05+00:00,390.0,411.95,398.0,403.0,0.0,0.0,5.0,6,0.4929631392669678,True,REGULAR,USD,call
SPY280616C00395000,2026-01-05 17:03:00+00:00,395.0,324.75,324.55,329.0,0.0,0.0,,9,1.0000000000000003e-05,True,REGULAR,USD,call
SPY280616C00400000,2026-08-17 14:17:59+00:00,400.0,401.54,389.0,394.0,0.0,0.0,4.0,377,0.4841665353393555,True,REGULAR,USD,call
SPY280616C00405000,2026-04-14 13:51:20+00:00,405.0,316.63,361.64,365.5,0.0,0.0,2.0,8,0.2997506549072265,True,REGULAR,USD,call
SPY280616C00410000,2026-04-15 18:02:23+00:00,410.0,320.8,357.33,361.0,0.0,0.0,13.0,18,0.30060513854980464,True,REGULAR,USD,call
SPY280616C00415000,2026-01-05 19:32:09+00:00,415.0,306.84,307.65,312.5,0.0,0.0,,1,1.0000000000000003e-05,True,REGULAR,USD,call
SPY280616C00420000,2026-08-26 18:41:26+00:00,420.0,374.52,371.5,376.5,0.0,0.0,1.0,6,0.46940380455017094,True,REGULAR,USD,call
SPY280616C00425000,2026-09-01 18:05:13+00:00,425.0,365.99,367.0,372.0,0.0,0.0,4.0,33,0.46500168792724617,True,REGULAR,USD,call
SPY280616C00430000,2026-07-20 15:54:13+00:00,430.0,350.02,361.5,366.47,0.0,0.0,1.0,3,0.4551217208099365,True,REGULAR,USD,call
SPY280616C00435000,2026-07-31 13:30:01+00:00,435.0,343.38,358.5,363.5,0.0,0.0,1.0,26,0.458837198791504,True,REGULAR,USD,call
SPY280616C00440000,2026-07-10 19:03:38+00:00,440.0,350.0,352.75,357.5,0.0,0.0,15.0,0,0.4466989534759521,True,REGULAR,USD,call
SPY280616C00445000,2026-03-09 20:12:03+00:00,445.0,269.0,299.86,304.5,0.0,0.0,,0,1.0000000000000003e-05,True,REGULAR,USD,call
SPY280616C00450000,2026-08-31 14:08:10+00:00,450.0,347.45,345.5,350.5,0.0,0.0,2.0,37,0.44811037734985343,True,REGULAR,USD,call
SPY280616C00455000,2026-03-09 14:53:58+00:00,455.0,253.64,291.49,296.0,0.0,0.0,1.0,3,1.0000000000000003e-05,True,REGULAR,USD,call
SPY280616C00460000,2026-08-03 16:26:52+00:00,460.0,332.75,336.5,341.5,0.0,0.0,2.0,4,0.4392756268310547,True,REGULAR,USD,call
SPY280616C00465000,2026-04-27 15:37:09+00:00,465.0,287.99,311.78,316.5,0.0,0.0,2.0,4,0.32674318283081055,True,REGULAR,USD,call
SPY280616C00470000,2026-06-22 19:52:16+00:00,470.0,317.2,308.0,312.26,0.0,0.0,4.0,6,0.3258505525970459,True,REGULAR,USD,call
SPY280616C00475000,2026-07-16 14:09:47+00:00,475.0,318.33,322.5,327.44,0.0,0.0,25.0,35,0.42352108467102056,True,REGULAR,USD,call
SPY280616C00480000,2026-08-05 16:48:25+00:00,480.0,329.66,319.0,324.0,0.0,0.0,4.0,2,0.42397884376525885,True,REGULAR,USD,call
SPY280616C00485000,2026-06-30 17:36:00+00:00,485.0,304.07,313.88,318.5,0.0,0.0,1.0,26,0.41511357597351073,True,REGULAR,USD,call
SPY280616C00490000,2026-08-11 15:45:12+00:00,490.0,321.3,310.5,315.5,0.0,0.0,1.0,17,0.41737948348999016,True,REGULAR,USD,call
SPY280616C00495000,2026-07-01 18:55:41+00:00,495.0,295.81,305.35,310.0,0.0,0.0,1.0,11,0.408636284790039,True,REGULAR,USD,call
SPY280616C00500000,2026-08-31 15:59:37+00:00,500.0,305.7,302.0,307.0,0.0,0.0,1.0,109,0.410688571395874,True,REGULAR,USD,call
SPY280616C00505000,2026-06-22 18:36:52+00:00,505.0,288.58,278.5,283.07,0.0,0.0,2.0,3,0.31874765731811516,True,REGULAR,USD,call
SPY280616C00510000,2026-06-22 18:38:46+00:00,510.0,284.39,274.5,278.95,0.0,0.0,84.0,44,0.3175269664001465,True,REGULAR,USD,call
SPY280616C00515000,2026-08-13 14:46:33+00:00,515.0,303.05,289.0,294.0,0.0,0.0,12.0,54,0.3994734735870362,True,REGULAR,USD,call
SPY280616C00520000,2026-08-03 16:32:27+00:00,520.0,282.47,285.0,290.0,0.0,0.0,3.0,38,0.3970473503875732,True,REGULAR,USD,call
SPY280616C00525000,2026-07-16 14:09:47+00:00,525.0,276.49,280.05,285.0,0.0,0.0,25.0,70,0.3906158351135254,True,REGULAR,USD,call
SPY280616C00530000,2026-08-04 15:43:13+00:00,530.0,284.5,276.5,281.5,0.0,0.0,1.0,43,0.39010467079162603,True,REGULAR,USD,call
SPY280616C00535000,2026-07-20 13:41:53+00:00,535.0,263.3,271.71,276.5,0.0,0.0,2.0,33,0.3837113021087646,True,REGULAR,USD,call
SPY280616C00540000,2026-07-22 18:10:07+00:00,540.0,260.09,267.56,272.5,0.0,0.0,1.0,19,0.3811859977722168,True,REGULAR,USD,call
SPY280616C00545000,2026-08-31 15:02:39+00:00,545.0,268.05,264.0,269.0,0.0,0.0,10.0,17,0.38048410049438475,True,REGULAR,USD,call
SPY280616C00550000,2026-09-02 19:00:55+00:00,550.0,261.29,260.0,265.0,3.8099976,1.4797256,8.0,769,0.37784054172515863,True,REGULAR,USD,call
SPY280616C00555000,2026-09-01 15:02:25+00:00,555.0,256.45,255.5,260.5,0.0,0.0,1.0,18,0.373327799987793,True,REGULAR,USD,call
SPY280616C00560000,2026-09-01 15:03:36+00:00,560.0,252.47,251.5,256.5,0.0,0.0,1.0,5,0.3706270213317871,True,REGULAR,USD,call
SPY280616C00565000,2026-08-17 16:04:35+00:00,565.0,261.0,247.5,252.5,0.0,0.0,6.0,19,0.3678804667663575,True,REGULAR,USD,call
SPY280616C00570000,2026-08-06 13:53:00+00:00,570.0,253.97,243.5,248.5,0.0,0.0,4.0,16,0.36510339492797855,True,REGULAR,USD,call
SPY280616C00575000,2026-08-31 15:16:47+00:00,575.0,243.26,239.0,244.0,0.0,0.0,1.0,17,0.36054487728118895,True,REGULAR,USD,call
SPY280616C00580000,2026-08-31 13:46:42+00:00,580.0,239.4,235.0,240.0,0.0,0.0,2.0,17,0.3577029562377929,True,REGULAR,USD,call
SPY280616C00585000,2026-08-07 16:21:48+00:00,585.0,242.97,231.0,236.0,0.0,0.0,9.0,16,0.354826703262329,True,REGULAR,USD,call
SPY280616C00590000,2026-09-02 15:47:12+00:00,590.0,229.75,227.0,232.0,-1.949997,-0.84160423,1.0,12,0.3519123036956786,True,REGULAR,USD,call
SPY280616C00595000,2026-08-14 15:42:01+00:00,595.0,237.27,223.0,228.0,0.0,0.0,1.0,18,0.34895975753784175,True,REGULAR,USD,call
SPY280616C00600000,2026-09-02 14:04:18+00:00,600.0,220.0,219.0,224.0,-2.0399933,-0.9187504,1.0,359,0.345972879447937,True,REGULAR,USD,call
SPY280616C00605000,2026-09-01 18:34:24+00:00,605.0,213.87,215.0,220.0,0.0,0.0,1.0,46,0.3429478547668457,True,REGULAR,USD,call
SPY280616C00610000,2026-08-25 17:23:54+00:00,610.0,214.62,211.0,216.0,0.0,0.0,2.0,133,0.3398884981536865,True,REGULAR,USD,call
SPY280616C00615000,2026-09-02 15:47:41+00:00,615.0,209.77,207.0,212.0,-10.309998,-4.684659,1.0,15,0.33679099494934084,True,REGULAR,USD,call
SPY280616C00620000,2026-08-31 16:15:24+00:00,620.0,206.57,203.0,208.0,0.0,0.0,6.0,184,0.33366297447204585,True,REGULAR,USD,call
SPY280616C00625000,2026-09-01 19:46:15+00:00,625.0,198.21,199.0,204.0,0.0,0.0,2.0,115,0.3304968074035644,True,REGULAR,USD,call
SPY280616C00630000,2026-09-02 20:05:51+00:00,630.0,197.31,195.5,200.5,-7.7100067,-3.760612,9.0,90,0.3288183573913574,True,REGULAR,USD,call
SPY280616C00635000,2026-08-31 14:08:20+00:00,635.0,195.31,191.5,196.5,0.0,0.0,1.0,386,0.32556826782226556,True,REGULAR,USD,call
SPY280616C00640000,2026-08-14 15:08:20+00:00,640.0,202.19,187.5,192.5,0.0,0.0,1.0,53,0.3222838463211059,True,REGULAR,USD,call
SPY280616C00645000,2026-08-21 19:58:55+00:00,645.0,188.79,183.5,188.5,0.0,0.0,2.0,58,0.3189612782287597,True,REGULAR,USD,call
SPY280616C00650000,2026-09-01 16:34:49+00:00,650.0,180.0,180.0,185.0,0.0,0.0,5.0,260,0.3170692073059082,True,REGULAR,USD,call
SPY280616C00655000,2026-08-10 15:56:39+00:00,655.0,189.85,176.0,181.0,0.0,0.0,1.0,61,0.31366653137207035,True,REGULAR,USD,call
SPY280616C00660000,2026-08-27 13:31:19+00:00,660.0,179.0,172.0,177.0,0.0,0.0,1.0,348,0.3102257088470458,True,REGULAR,USD,call
SPY280616C00665000,2026-08-27 15:42:21+00:00,665.0,176.39,168.5,173.5,0.0,0.0,2.0,44,0.3081734222412109,True,REGULAR,USD,call
SPY280616C00670000,2026-09-01 16:30:48+00:00,670.0,165.32,164.5,169.5,0.0,0.0,1.0,82,0.30464867721557615,True,REGULAR,USD,call
SPY280616C00675000,2026-08-07 16:55:27+00:00,675.0,173.43,161.0,166.0,0.0,0.0,4.0,65,0.30248958015441896,True,REGULAR,USD,call
SPY280616C00680000,2026-08-31 18:16:12+00:00,680.0,162.04,157.5,162.5,0.0,0.0,1.0,311,0.300261819229126,True,REGULAR,USD,call
SPY280616C00685000,2026-08-14 17:57:06+00:00,685.0,169.11,153.5,158.5,0.0,0.0,2.0,236,0.296607375793457,True,REGULAR,USD,call
SPY280616C00690000,2026-09-01 18:27:59+00:00,690.0,150.0,150.0,155.0,0.0,0.0,1.0,463,0.2942728044128417,True,REGULAR,USD,call
SPY280616C00695000,2026-08-24 17:40:43+00:00,695.0,151.0,146.5,151.5,0.0,0.0,1.0,152,0.291877198486328,True,REGULAR,USD,call
SPY280616C00700000,2026-09-01 13:51:43+00:00,700.0,143.97,143.0,148.0,0.0,0.0,2.0,269,0.28942437267303456,True,REGULAR,USD,call
SPY280616C00705000,2026-09-01 19:46:15+00:00,705.0,139.01,139.5,144.5,0.0,0.0,3.0,291,0.2869105123138427,True,REGULAR,USD,call
SPY280616C00710000,2026-09-01 13:40:22+00:00,710.0,136.69,135.5,140.5,0.0,0.0,4.0,207,0.28301574535369867,True,REGULAR,USD,call
SPY280616C00715000,2026-09-02 16:46:02+00:00,715.0,134.76,132.0,137.0,-13.2400055,-8.94595,4.0,333,0.28039125988006586,True,REGULAR,USD,call
SPY280616C00720000,2026-09-02 16:57:32+00:00,720.0,131.5,129.0,134.0,-0.3999939,-0.30325544,2.0,75,0.279006538619995,True,REGULAR,USD,call
SPY280616C00725000,2026-09-01 14:01:05+00:00,725.0,126.4,125.5,130.5,0.0,0.0,1.0,94,0.27625235473632803,True,REGULAR,USD,call
SPY280616C00730000,2026-09-01 17:03:59+00:00,730.0,122.64,122.0,127.0,0.0,0.0,2.0,310,0.2734371363067627,True,REGULAR,USD,call
SPY280616C00735000,2026-08-24 13:58:50+00:00,735.0,122.11,118.5,123.5,0.0,0.0,2.0,427,0.2705532540130615,True,REGULAR,USD,call
SPY280616C00740000,2026-09-02 17:13:25+00:00,740.0,117.36,115.0,120.0,1.9100037,1.654399,4.0,82,0.2676121518325805,True,REGULAR,USD,call
SPY280616C00745000,2026-08-24 17:30:20+00:00,745.0,115.15,112.0,116.95,0.0,0.0,14.0,301,0.2657467835235596,True,REGULAR,USD,call
SPY280616C00750000,2026-08-31 18:07:52+00:00,750.0,113.19,108.5,113.5,0.0,0.0,5.0,413,0.2627942373657227,True,REGULAR,USD,call
SPY280616C00755000,2026-08-20 18:26:41+00:00,755.0,109.55,105.5,110.34,0.0,0.0,30.0,285,0.2605016272354126,True,REGULAR,USD,call
SPY280616C00760000,2026-09-01 19:07:09+00:00,760.0,102.53,102.0,107.0,0.0,0.0,10.0,716,0.25768640880584714,True,REGULAR,USD,call
SPY280616C00765000,2026-09-02 16:23:10+00:00,765.0,101.75,99.0,103.93,2.4000015,2.4157035,6.0,572,0.25547009185791025,True,REGULAR,USD,call
SPY280616C00770000,2026-09-02 16:04:56+00:00,770.0,99.31,96.0,101.0,-2.1500015,-2.1190631,1.0,577,0.2535246157073975,False,REGULAR,USD,call
SPY280616C00775000,2026-08-28 17:11:44+00:00,775.0,100.23,92.53,97.5,0.0,0.0,51.0,138,0.250083793182373,False,REGULAR,USD,call
SPY280616C00780000,2026-09-02 15:14:25+00:00,780.0,92.5,89.5,94.5,1.9400024,2.1422288,1.0,466,0.2478064416885376,False,REGULAR,USD,call
SPY280616C00785000,2026-09-01 19:59:55+00:00,785.0,87.46,86.5,91.45,0.0,0.0,11.0,242,0.2453230986022949,False,REGULAR,USD,call
SPY280616C00790000,2026-08-25 15:19:34+00:00,790.0,90.0,83.5,88.5,0.0,0.0,1.0,63,0.24299997119903566,False,REGULAR,USD,call
SPY280616C00795000,2026-07-27 18:04:33+00:00,795.0,73.18,80.5,85.5,0.0,0.0,1.0,462,0.2404708522033691,False,REGULAR,USD,call
SPY280616C00800000,2026-09-01 14:58:07+00:00,800.0,80.04,78.0,82.67,0.0,0.0,1.0,2095,0.23826597923278806,False,REGULAR,USD,call
SPY280616C00805000,2026-08-19 18:35:13+00:00,805.0,83.78,75.0,79.83,0.0,0.0,2.0,260,0.23595048114776612,False,REGULAR,USD,call
SPY280616C00810000,2026-08-18 15:49:15+00:00,810.0,80.85,72.04,77.0,0.0,0.0,2.0,354,0.2335663191986084,False,REGULAR,USD,call
SPY280616C00815000,2026-08-31 14:31:24+00:00,815.0,74.5,69.5,74.3,0.0,0.0,1.0,499,0.23140722213745119,False,REGULAR,USD,call
SPY280616C00820000,2026-08-11 15:03:14+00:00,820.0,79.92,66.5,71.5,0.0,0.0,2.0,203,0.22890862041473387,False,REGULAR,USD,call
SPY280616C00825000,2026-08-28 14:31:59+00:00,825.0,72.5,64.07,68.76,0.0,0.0,3.0,1181,0.22645960926055908,False,REGULAR,USD,call
SPY280616C00830000,2026-09-02 18:48:27+00:00,830.0,63.49,61.5,66.5,-7.029995,-9.968797,1.0,51,0.22509014663696286,False,REGULAR,USD,call
SPY280616C00835000,2026-09-01 19:08:04+00:00,835.0,59.8,59.0,64.0,0.0,0.0,3.0,3231,0.2230302307128906,False,REGULAR,USD,call
SPY280616C00840000,2026-08-19 16:57:13+00:00,840.0,65.42,56.55,61.05,0.0,0.0,1.0,439,0.21974962387084956,False,REGULAR,USD,call
SPY280616C00845000,2026-08-27 13:57:46+00:00,845.0,60.33,54.13,58.52,0.0,0.0,1.0,206,0.2173997938537598,False,REGULAR,USD,call
SPY280616C00850000,2026-09-02 19:10:20+00:00,850.0,54.08,51.5,56.5,1.6000023,3.048785,41.0,6270,0.21622106418609616,False,REGULAR,USD,call
SPY280616C00855000,2026-08-28 16:57:12+00:00,855.0,57.2,49.5,53.64,0.0,0.0,2.0,112,0.2128183882522583,False,REGULAR,USD,call
SPY280616C00860000,2026-08-24 14:49:02+00:00,860.0,51.74,47.0,52.0,0.0,0.0,7.0,107,0.21238733177185057,False,REGULAR,USD,call
SPY280616C00865000,2026-09-01 17:00:30+00:00,865.0,46.54,45.14,50.0,0.0,0.0,3.0,98,0.21093776130676267,False,REGULAR,USD,call
SPY280616C00870000,2026-08-28 19:59:46+00:00,870.0,49.89,43.09,48.0,0.0,0.0,1.0,2181,0.20938138038635248,False,REGULAR,USD,call
SPY280616C00875000,2026-09-02 13:48:53+00:00,875.0,42.68,41.06,46.0,-6.579998,-13.357691,1.0,1518,0.20771437435150142,False,REGULAR,USD,call
SPY280616C00880000,2026-08-26 15:00:57+00:00,880.0,44.44,39.31,44.0,0.0,0.0,1.0,200,0.20593292854309078,False,REGULAR,USD,call
SPY280616C00885000,2026-08-20 15:18:10+00:00,885.0,43.4,38.43,42.0,0.0,0.0,1.0,19,0.2040294136428833,False,REGULAR,USD,call
SPY280616C00890000,2026-08-27 14:37:18+00:00,890.0,41.89,35.0,40.0,0.0,0.0,11.0,311,0.20200001499176024,False,REGULAR,USD,call
SPY280616C00895000,2026-08-19 13:46:33+00:00,895.0,41.63,34.8,37.69,0.0,0.0,1.0,60,0.19900169292449948,False,REGULAR,USD,call
SPY280616C00900000,2026-09-02 14:01:15+00:00,900.0,33.8,31.5,36.5,0.7900009,2.393217,1.0,1124,0.19892158508300778,False,REGULAR,USD,call
SPY280616C00905000,2026-08-17 18:01:27+00:00,905.0,39.69,31.42,34.25,0.0,0.0,65.0,261,0.19580500858306887,False,REGULAR,USD,call
SPY280616C00910000,2026-08-27 15:39:28+00:00,910.0,34.57,28.46,32.99,0.0,0.0,2.0,225,0.1953129175567627,False,REGULAR,USD,call
SPY280616C00915000,2026-09-01 18:38:28+00:00,915.0,28.01,26.92,31.5,0.0,0.0,2.0,122,0.19406170936584474,False,REGULAR,USD,call
SPY280616C00920000,2026-08-26 13:30:00+00:00,920.0,30.1,25.0,30.0,0.0,0.0,1.0,192,0.19266554412841796,False,REGULAR,USD,call
SPY280616C00925000,2026-09-01 19:44:03+00:00,925.0,25.4,24.07,27.39,0.0,0.0,1.0,487,0.1878438150024414,False,REGULAR,USD,call
SPY280616C00930000,2026-08-31 19:37:44+00:00,930.0,26.34,22.73,26.33,0.0,0.0,8.0,181,0.18745853443145755,False,REGULAR,USD,call
SPY280616C00935000,2026-08-28 16:08:43+00:00,935.0,28.0,21.44,25.46,0.0,0.0,3.0,210,0.18755771556854245,False,REGULAR,USD,call
SPY280616C00940000,2026-08-19 16:46:41+00:00,940.0,26.98,20.21,25.0,0.0,0.0,5.0,286,0.18885088500976563,False,REGULAR,USD,call
SPY280616C00945000,2026-08-25 17:56:49+00:00,945.0,23.14,19.03,23.5,0.0,0.0,4.0,414,0.18680622772216798,False,REGULAR,USD,call
SPY280616C00950000,2026-09-01 18:39:07+00:00,950.0,19.1,17.92,22.5,0.0,0.0,2.0,237,0.18621877021789549,False,REGULAR,USD,call
SPY280616C00955000,2026-08-21 19:42:21+00:00,955.0,21.29,16.87,20.76,0.0,0.0,2.0,487,0.18308312042236324,False,REGULAR,USD,call
SPY280616C00960000,2026-08-28 14:12:42+00:00,960.0,21.23,15.86,19.72,0.0,0.0,12.0,69,0.18209130905151366,False,REGULAR,USD,call
SPY280616C00965000,2026-09-02 15:26:12+00:00,965.0,17.5,14.9,18.74,0.8999996,5.4216843,1.0,431,0.1811910494995117,False,REGULAR,USD,call
SPY280616C00970000,2026-08-31 20:07:04+00:00,970.0,17.3,13.98,17.79,0.0,0.0,1.0,265,0.18027171665191655,False,REGULAR,USD,call
SPY280616C00975000,2026-09-01 16:18:53+00:00,975.0,15.21,13.1,17.5,0.0,0.0,16.0,61,0.18161829132080076,False,REGULAR,USD,call
SPY280616C00980000,2026-09-02 16:28:34+00:00,980.0,14.41,12.28,15.81,-2.630001,-15.4342785,2.0,200,0.17775785629272461,False,REGULAR,USD,call
SPY280616C00985000,2026-08-19 19:58:50+00:00,985.0,16.51,11.52,16.0,0.0,0.0,22.0,21,0.18076380767822264,False,REGULAR,USD,call
SPY280616C00990000,2026-09-01 14:11:38+00:00,990.0,12.91,10.79,14.49,0.0,0.0,10.0,121,0.17724669197082518,False,REGULAR,USD,call
SPY280616C00995000,2026-08-28 14:44:14+00:00,995.0,15.26,10.09,13.77,0.0,0.0,1.0,385,0.1766058292388916,False,REGULAR,USD,call
SPY280616C01000000,2026-09-02 19:10:20+00:00,1000.0,11.32,9.42,13.08,0.32999992,3.0027292,25.0,2674,0.17598022514343262,False,REGULAR,USD,call
SPY280616C01005000,2026-09-01 19:11:50+00:00,1005.0,10.31,8.78,13.0,0.0,0.0,74.0,204,0.17779600288391115,False,REGULAR,USD,call
SPY280616C01010000,2026-09-02 15:36:37+00:00,1010.0,10.48,8.19,11.81,0.7199993,7.377042,250.0,21,0.17486634468078613,False,REGULAR,USD,call
SPY280616C01015000,2026-09-01 13:58:30+00:00,1015.0,9.57,7.64,12.0,0.0,0.0,1.0,294,0.17777311492919923,False,REGULAR,USD,call
SPY280616C01020000,2026-09-02 19:52:27+00:00,1020.0,8.93,7.12,10.69,0.25,2.8801842,6.0,114,0.1739889730834961,False,REGULAR,USD,call
SPY280616C01025000,2026-09-01 15:53:21+00:00,1025.0,8.72,6.62,10.94,0.0,0.0,1.0,29,0.17713988151550292,False,REGULAR,USD,call
SPY280616C01030000,2026-08-12 14:22:10+00:00,1030.0,10.97,6.15,9.69,0.0,0.0,25.0,145,0.17326418785095213,False,REGULAR,USD,call
SPY280616C01035000,2026-08-27 15:39:28+00:00,1035.0,9.13,5.7,10.0,0.0,0.0,2.0,102,0.17671263969421389,False,REGULAR,USD,call
SPY280616C01040000,2026-08-13 17:09:50+00:00,1040.0,10.92,5.29,8.78,0.0,0.0,3.0,558,0.17260043716430667,False,REGULAR,USD,call
SPY280616C01045000,2026-08-12 16:19:58+00:00,1045.0,9.31,4.9,8.37,0.0,0.0,10.0,43,0.17236392829895023,False,REGULAR,USD,call
SPY280616C01050000,2026-08-27 14:10:32+00:00,1050.0,7.59,4.53,7.99,0.0,0.0,1.0,161,0.17220371261596684,False,REGULAR,USD,call
SPY280616C01055000,2026-06-30 19:37:27+00:00,1055.0,6.73,6.73,6.83,0.0,0.0,25.0,6,0.16749642326354983,False,REGULAR,USD,call
SPY280616C01060000,2026-08-20 18:59:14+00:00,1060.0,6.39,3.86,8.0,0.0,0.0,2.0,60,0.17591156127929689,False,REGULAR,USD,call
SPY280616C01065000,2026-08-07 15:02:43+00:00,1065.0,7.79,3.55,8.0,0.0,0.0,95.0,115,0.1777273390197754,False,REGULAR,USD,call
SPY280616C01070000,2026-08-17 17:58:31+00:00,1070.0,7.19,3.26,7.5,0.0,0.0,1.0,196,0.1767202690124512,False,REGULAR,USD,call
SPY280616C01075000,2026-08-10 18:30:02+00:00,1075.0,6.95,2.0,7.0,0.0,0.0,5.0,11,0.17557587127685548,False,REGULAR,USD,call
SPY280616C01080000,2026-08-05 13:30:12+00:00,1080.0,7.7,2.73,6.1,0.0,0.0,1.0,24,0.17176121215820314,False,REGULAR,USD,call
SPY280616C01085000,2026-08-26 19:54:49+00:00,1085.0,4.86,2.49,5.85,0.0,0.0,2.0,1,0.17182987602233887,False,REGULAR,USD,call
SPY280616C01090000,2026-08-28 14:02:41+00:00,1090.0,5.2,2.27,5.61,0.0,0.0,50.0,52,0.17189853988647463,False,REGULAR,USD,call
SPY280616C01095000,2026-07-06 18:34:31+00:00,1095.0,4.67,4.29,4.38,0.0,0.0,,1,0.1646659461975098,False,REGULAR,USD,call
SPY280616C01100000,2026-09-02 15:01:12+00:00,1100.0,3.73,1.86,5.0,0.23000002,6.5714293,1.0,2959,0.17090672851562502,False,REGULAR,USD,call
SPY280616C01105000,2026-09-01 13:44:16+00:00,1105.0,3.44,1.68,4.97,0.0,0.0,1.0,4,0.17229526443481447,False,REGULAR,USD,call
SPY280616C01110000,2026-08-04 17:45:00+00:00,1110.0,5.25,1.5,4.79,0.0,0.0,4.0,248,0.17253940261840822,False,REGULAR,USD,call
SPY280616C01115000,2026-06-15 15:32:32+00:00,1115.0,4.77,3.84,3.92,0.0,0.0,5.0,4,0.16719887985229492,False,REGULAR,USD,call
SPY280616C01120000,2026-09-01 19:51:04+00:00,1120.0,2.78,1.19,4.46,0.0,0.0,5.0,26,0.17313448944091797,False,REGULAR,USD,call
SPY280616C01125000,2026-09-01 19:51:38+00:00,1125.0,2.63,1.05,5.0,0.0,0.0,6.0,33,0.17881070220947265,False,REGULAR,USD,call
SPY280616C01130000,2026-09-01 17:17:48+00:00,1130.0,2.53,0.92,4.17,0.0,0.0,5.0,48,0.17383638671875,False,REGULAR,USD,call
SPY280616C01135000,2026-08-17 19:12:28+00:00,1135.0,3.66,0.79,5.0,0.0,0.0,1.0,106,0.18190820541381836,False,REGULAR,USD,call
SPY280616C01140000,2026-08-13 17:35:53+00:00,1140.0,3.83,0.01,5.0,0.0,0.0,2.0,47,0.1834340690612793,False,REGULAR,USD,call
SPY280616C01145000,2026-08-13 17:35:53+00:00,1145.0,3.65,0.57,3.79,0.0,0.0,,102,0.17505707763671874,False,REGULAR,USD,call
SPY280616C01150000,2026-09-02 13:33:22+00:00,1150.0,2.1,1.9,3.5,-0.48000002,-18.604652,2.0,682,0.17386690399169924,False,REGULAR,USD,call
SPY280616C01160000,2026-09-02 14:59:27+00:00,1160.0,1.99,0.28,3.49,-0.21000004,-9.545456,1.0,26,0.17664397583007813,False,REGULAR,USD,call
SPY280616C01170000,2026-08-31 15:28:14+00:00,1170.0,1.92,0.12,2.31,0.0,0.0,1.0,107,0.16684793121337893,False,REGULAR,USD,call
SPY280616C01180000,2026-08-25 17:52:32+00:00,1180.0,1.84,0.01,3.16,0.0,0.0,10.0,1335,0.17899380584716795,False,REGULAR,USD,call
SPY280616C01190000,2026-08-10 14:43:56+00:00,1190.0,2.4,0.01,4.52,0.0,0.0,8.0,211,0.19428295959472658,False,REGULAR,USD,call
SPY280616C01200000,2026-08-27 16:19:22+00:00,1200.0,1.68,0.01,2.65,0.0,0.0,5.0,942,0.17884121948242188,False,REGULAR,USD,call
SPY280616C01210000,2026-08-10 19:49:57+00:00,1210.0,1.94,0.01,2.79,0.0,0.0,6.0,6,0.18305260314941402,False,REGULAR,USD,call
SPY280616C01220000,2026-08-10 14:21:44+00:00,1220.0,1.87,0.01,2.2,0.0,0.0,2.0,376,0.17841397766113282,False,REGULAR,USD,call
SPY280616C01230000,2026-09-02 14:21:25+00:00,1230.0,1.09,0.01,2.61,0.060000062,5.8252487,1.0,24,0.18610433044433594,False,REGULAR,USD,call
SPY280616C01240000,2026-09-01 16:10:36+00:00,1240.0,0.99,0.01,2.53,0.0,0.0,8.0,1006,0.18763019409179688,False,REGULAR,USD,call
SPY280616C01250000,2026-09-01 13:30:07+00:00,1250.0,0.9,0.01,5.0,0.0,0.0,50.0,276,0.21477530838012693,False,REGULAR,USD,call
SPY280616C01260000,2026-08-25 13:30:01+00:00,1260.0,0.97,0.01,5.0,0.0,0.0,1.0,1009,0.21743031112670896,False,REGULAR,USD,call
SPY280616C01270000,2026-08-18 19:54:23+00:00,1270.0,0.99,0.01,5.0,0.0,0.0,11.0,195,0.22003953796386716,False,REGULAR,USD,call
SPY280616C01280000,2026-08-31 15:59:48+00:00,1280.0,0.8,0.7,2.29,0.0,0.0,10.0,286,0.19425244232177735,False,REGULAR,USD,call
SPY280616C01290000,2026-08-13 14:08:07+00:00,1290.0,1.12,0.01,2.25,0.0,0.0,1.0,273,0.19605296142578127,False,REGULAR,USD,call
SPY280616C01300000,2026-08-31 16:39:33+00:00,1300.0,0.7,0.01,1.39,0.0,0.0,3.0,903,0.18454794952392578,False,REGULAR,USD,call
SPY280616C01310000,2026-07-29 13:41:19+00:00,1310.0,0.72,0.01,2.18,0.0,0.0,2.0,62,0.19968451690673827,False,REGULAR,USD,call
SPY280616C01320000,2026-08-24 13:30:00+00:00,1320.0,0.7,0.01,2.14,0.0,0.0,1.0,3,0.20136296691894529,False,REGULAR,USD,call
SPY280616C01330000,2026-08-31 19:15:22+00:00,1330.0,0.58,0.01,5.0,0.0,0.0,1.0,94,0.23520662261962888,False,REGULAR,USD,call
SPY280616C01340000,2026-08-06 13:52:43+00:00,1340.0,0.8,0.0,2.08,0.0,0.0,1.0,364,0.2049334878540039,False,REGULAR,USD,call
SPY280616C01350000,2026-09-01 13:30:07+00:00,1350.0,0.47,0.3,2.05,0.0,0.0,10.0,211,0.20667297241210933,False,REGULAR,USD,call
SPY280616C01360000,2026-09-01 20:00:56+00:00,1360.0,0.49,0.3,0.9,0.0,0.0,11.0,1948,0.18616536499023437,False,REGULAR,USD,call
SPY280616C01370000,2026-08-31 19:21:29+00:00,1370.0,0.45,0.0,0.49,0.0,0.0,1.0,31,0.17475190490722659,False,REGULAR,USD,call
SPY280616C01380000,2026-08-28 16:10:44+00:00,1380.0,0.53,0.0,0.47,0.0,0.0,5.0,5,0.1757894921875,False,REGULAR,USD,call
SPY280616C01390000,2026-07-31 16:05:43+00:00,1390.0,0.49,0.0,0.45,0.0,0.0,2.0,1,0.176766044921875,False,REGULAR,USD,call
SPY280616C01400000,2026-08-21 16:11:44+00:00,1400.0,0.49,0.01,0.43,0.0,0.0,4.0,185,0.17762052856445312,False,REGULAR,USD,call
SPY280616C01410000,2026-08-07 14:33:45+00:00,1410.0,0.6,0.0,0.41,0.0,0.0,4.0,1,0.17847501220703127,False,REGULAR,USD,call
SPY280616C01420000,2026-07-10 16:38:53+00:00,1420.0,0.62,0.4,0.43,0.0,0.0,1.0,2,0.18122156677246093,False,REGULAR,USD,call
SPY280616C01430000,2026-07-31 19:10:25+00:00,1430.0,0.42,0.0,0.38,0.0,0.0,1.0,1,0.1805501867675781,False,REGULAR,USD,call
SPY280616C01440000,2026-08-20 15:41:31+00:00,1440.0,0.42,0.0,0.37,0.0,0.0,4.0,848,0.18170984313964844,False,REGULAR,USD,call
SPY280616C01450000,2026-08-17 19:24:10+00:00,1450.0,0.45,0.21,0.35,0.0,0.0,2.0,19,0.18238122314453126,False,REGULAR,USD,call
SPY280616C01460000,2026-08-20 15:41:31+00:00,1460.0,0.38,0.0,0.34,0.0,0.0,4.0,13,0.1834798449707031,False,REGULAR,USD,call
SPY280616C01470000,2026-09-02 16:38:31+00:00,1470.0,0.3,0.0,1.5,-0.060000002,-16.666666,1.0,471,0.22135178070068356,False,REGULAR,USD,call
SPY280616C01480000,2026-09-02 16:38:42+00:00,1480.0,0.3,0.3,0.51,-0.00999999,-3.2258034,6.0,561,0.19519847778320312,False,REGULAR,USD,call
SPY280616P00050000,2026-08-27 18:19:38+00:00,50.0,0.04,0.0,5.0,0.0,0.0,2.0,1168,1.0701950787353518,False,REGULAR,USD,put
SPY280616P00060000,2026-03-04 16:20:15+00:00,60.0,0.16,0.0,0.0,0.0,0.0,2.0,0,0.2500075,False,REGULAR,USD,put
SPY280616P00065000,2026-06-02 15:12:21+00:00,65.0,0.09,0.0,0.0,0.0,0.0,1.0,0,0.2500075,False,REGULAR,USD,put
SPY280616P00070000,2026-07-06 13:37:45+00:00,70.0,0.11,0.1,0.12,0.0,0.0,170.0,191,0.624027197265625,False,REGULAR,USD,put
SPY280616P00075000,2026-08-28 14:09:54+00:00,75.0,0.12,0.0,5.0,0.0,0.0,10.0,200,0.8961192028808591,False,REGULAR,USD,put
SPY280616P00080000,2026-07-24 15:27:59+00:00,80.0,0.18,0.13,0.16,0.0,0.0,1.0,101,0.6044961425781252,False,REGULAR,USD,put
SPY280616P00090000,2026-05-13 14:23:05+00:00,90.0,0.23,0.2,0.24,0.0,0.0,1.0,42,0.596683720703125,False,REGULAR,USD,put
SPY280616P00095000,2026-06-30 13:30:05+00:00,95.0,0.28,0.2,0.23,0.0,0.0,1.0,8,0.5800823242187501,False,REGULAR,USD,put
SPY280616P00100000,2026-08-25 18:02:07+00:00,100.0,0.23,0.0,5.0,0.0,0.0,1.0,157,0.77929908203125,False,REGULAR,USD,put
SPY280616P00105000,2026-07-07 16:41:36+00:00,105.0,0.32,0.26,0.29,0.0,0.0,1.0,1,0.5664105859375,False,REGULAR,USD,put
SPY280616P00110000,2026-03-27 19:18:07+00:00,110.0,0.77,0.0,0.0,0.0,0.0,9.0,0,0.2500075,False,REGULAR,USD,put
SPY280616P00115000,2026-04-29 15:53:59+00:00,115.0,0.5,0.41,0.45,0.0,0.0,20.0,29,0.5676312768554688,False,REGULAR,USD,put
SPY280616P00120000,2026-06-11 14:12:03+00:00,120.0,0.51,0.41,0.44,0.0,0.0,1.0,9,0.5542036767578126,False,REGULAR,USD,put
SPY280616P00125000,2026-07-10 13:50:01+00:00,125.0,0.45,0.4,0.43,0.0,0.0,6.0,15,0.540287800292969,False,REGULAR,USD,put
SPY280616P00130000,2026-08-24 14:52:14+00:00,130.0,0.45,0.0,5.0,0.0,0.0,10.0,31,0.676761044921875,False,REGULAR,USD,put
SPY280616P00135000,2026-06-22 16:02:06+00:00,135.0,0.64,0.59,0.63,0.0,0.0,9.0,96,0.5417526293945314,False,REGULAR,USD,put
SPY280616P00140000,2026-08-25 14:12:13+00:00,140.0,0.53,0.0,0.49,0.0,0.0,40.0,121,0.516606396484375,False,REGULAR,USD,put
SPY280616P00145000,2026-07-24 14:42:25+00:00,145.0,0.74,0.57,0.6,0.0,0.0,3.0,301,0.5168505346679688,False,REGULAR,USD,put
SPY280616P00150000,2026-09-01 13:55:34+00:00,150.0,0.57,0.0,5.0,0.0,0.0,50.0,796,0.6221961608886719,False,REGULAR,USD,put
SPY280616P00155000,2026-08-04 18:04:24+00:00,155.0,0.72,0.0,0.62,0.0,0.0,21.0,577,0.500005,False,REGULAR,USD,put
SPY280616P00160000,2026-09-01 14:00:25+00:00,160.0,0.67,0.01,0.65,0.0,0.0,50.0,802,0.4929249926757813,False,REGULAR,USD,put
SPY280616P00165000,2026-08-31 15:20:34+00:00,165.0,0.74,0.01,0.69,0.0,0.0,42.0,2001,0.4870656762695313,False,REGULAR,USD,put
SPY280616P00170000,2026-09-02 15:36:03+00:00,170.0,0.74,0.01,0.74,-0.029999971,-3.8961003,1.0,102,0.4820608435058594,False,REGULAR,USD,put
SPY280616P00175000,2026-08-31 16:50:05+00:00,175.0,0.83,0.01,0.79,0.0,0.0,3.0,35,0.4770560107421875,False,REGULAR,USD,put
SPY280616P00180000,2026-08-31 17:56:34+00:00,180.0,0.87,0.01,0.84,0.0,0.0,2.0,23,0.47192910888671874,False,REGULAR,USD,put
SPY280616P00185000,2026-08-31 15:31:11+00:00,185.0,0.95,0.01,0.89,0.0,0.0,3.0,19,0.4666801379394532,False,REGULAR,USD,put
SPY280616P00190000,2026-08-27 17:34:10+00:00,190.0,1.0,0.01,0.95,0.0,0.0,3.0,37,0.4621635815429688,False,REGULAR,USD,put
SPY280616P00195000,2026-09-02 17:59:17+00:00,195.0,1.0,0.01,1.0,-0.110000014,-9.909911,3.0,6,0.45703667968750006,False,REGULAR,USD,put
SPY280616P00200000,2026-09-02 13:58:57+00:00,200.0,1.09,0.01,1.06,0.00999999,0.925925,1.0,132,0.4523980541992188,False,REGULAR,USD,put
SPY280616P00205000,2026-08-19 16:48:47+00:00,205.0,1.27,0.01,1.12,0.0,0.0,6.0,1571,0.44775942871093743,False,REGULAR,USD,put
SPY280616P00210000,2026-02-03 17:23:25+00:00,210.0,2.06,2.5,2.56,0.0,0.0,1.0,4,0.49878430908203125,False,REGULAR,USD,put
SPY280616P00215000,2026-08-12 18:35:41+00:00,215.0,1.37,0.01,1.24,0.0,0.0,2.0,36,0.43848217773437503,False,REGULAR,USD,put
SPY280616P00220000,2026-07-27 17:36:52+00:00,220.0,1.78,0.01,1.3,0.0,0.0,20.0,35,0.4337214831542969,False,REGULAR,USD,put
SPY280616P00225000,2026-09-02 19:06:56+00:00,225.0,1.35,0.01,1.36,-0.059999943,-4.2553153,6.0,28,0.4290828576660156,False,REGULAR,USD,put
SPY280616P00230000,2026-06-17 19:46:58+00:00,230.0,2.11,1.95,1.99,0.0,0.0,10.0,15,0.44672184143066407,False,REGULAR,USD,put
SPY280616P00235000,2026-07-31 19:17:33+00:00,235.0,1.9,0.01,3.0,0.0,0.0,3.0,16,0.4699760034179688,False,REGULAR,USD,put
SPY280616P00240000,2026-08-03 14:25:09+00:00,240.0,1.91,0.01,3.07,0.0,0.0,6.0,19,0.46393358337402346,False,REGULAR,USD,put
SPY280616P00245000,2026-07-24 13:33:15+00:00,245.0,2.25,1.84,1.87,0.0,0.0,1.0,45,0.4204159521484375,False,REGULAR,USD,put
SPY280616P00250000,2026-09-02 19:12:58+00:00,250.0,1.69,0.11,1.73,-0.21999991,-11.51832,4.0,490,0.40845318115234375,False,REGULAR,USD,put
SPY280616P00255000,2026-08-27 16:25:14+00:00,255.0,1.89,0.19,3.31,0.0,0.0,6.0,101,0.44705753143310545,False,REGULAR,USD,put
SPY280616P00260000,2026-08-28 14:35:59+00:00,260.0,1.97,0.27,3.39,0.0,0.0,105.0,240,0.44159493957519536,False,REGULAR,USD,put
SPY280616P00265000,2026-09-01 18:48:56+00:00,265.0,2.03,0.35,4.97,0.0,0.0,3.0,2340,0.46674117248535163,False,REGULAR,USD,put
SPY280616P00270000,2026-09-01 14:33:08+00:00,270.0,2.09,0.44,2.07,0.0,0.0,3.0,195,0.3929504064941406,False,REGULAR,USD,put
SPY280616P00275000,2026-09-02 16:06:55+00:00,275.0,2.13,0.52,3.64,-0.21999979,-9.361693,3.0,182,0.4257564749145508,False,REGULAR,USD,put
SPY280616P00280000,2026-08-24 15:20:56+00:00,280.0,2.51,0.61,3.95,0.0,0.0,24.0,109,0.4252376812744141,False,REGULAR,USD,put
SPY280616P00285000,2026-08-31 15:17:52+00:00,285.0,2.46,0.7,2.33,0.0,0.0,27.0,139,0.38126229095458974,False,REGULAR,USD,put
SPY280616P00290000,2026-09-02 17:58:34+00:00,290.0,2.38,0.8,2.42,-0.119999886,-4.7999954,3.0,94,0.37744763183593744,False,REGULAR,USD,put
SPY280616P00295000,2026-08-28 14:24:08+00:00,295.0,2.64,0.89,5.0,0.0,0.0,3.0,45,0.4238644039916992,False,REGULAR,USD,put
SPY280616P00300000,2026-08-26 16:43:12+00:00,300.0,2.86,0.99,2.61,0.0,0.0,10.0,89,0.36997089996337884,False,REGULAR,USD,put
SPY280616P00305000,2026-08-31 15:28:10+00:00,305.0,2.85,1.09,4.22,0.0,0.0,4.0,261,0.39703972106933594,False,REGULAR,USD,put
SPY280616P00310000,2026-08-04 14:23:27+00:00,310.0,3.31,1.19,5.5,0.0,0.0,1.0,8,0.41174904663085937,False,REGULAR,USD,put
SPY280616P00315000,2026-08-28 15:25:42+00:00,315.0,3.0,1.3,4.43,0.0,0.0,5.0,16,0.38803712554931635,False,REGULAR,USD,put
SPY280616P00320000,2026-07-17 17:46:49+00:00,320.0,4.06,3.34,3.37,0.0,0.0,5.0,174,0.3626467544555664,False,REGULAR,USD,put
SPY280616P00325000,2026-08-21 13:30:13+00:00,325.0,3.51,1.51,4.65,0.0,0.0,16.0,68,0.3793091854858398,False,REGULAR,USD,put
SPY280616P00330000,2026-08-17 13:30:00+00:00,330.0,3.58,1.62,4.77,0.0,0.0,10.0,49,0.3751588363647461,False,REGULAR,USD,put
SPY280616P00335000,2026-09-01 16:34:10+00:00,335.0,3.45,1.73,6.0,0.0,0.0,334.0,335,0.3870300555419921,False,REGULAR,USD,put
SPY280616P00340000,2026-09-02 19:42:07+00:00,340.0,3.4,1.84,5.0,-0.38999987,-10.290234,35.0,553,0.3667360690307617,False,REGULAR,USD,put
SPY280616P00345000,2026-01-27 19:38:51+00:00,345.0,6.47,7.05,7.14,0.0,0.0,1.0,3,0.38930359237670903,False,REGULAR,USD,put
SPY280616P00350000,2026-08-25 14:45:49+00:00,350.0,4.13,2.08,5.0,0.0,0.0,1.0,85,0.3550784707641601,False,REGULAR,USD,put
SPY280616P00355000,2026-05-07 14:15:11+00:00,355.0,5.81,5.33,5.4,0.0,0.0,4.0,12,0.3549869189453124,False,REGULAR,USD,put
SPY280616P00360000,2026-08-28 15:33:27+00:00,360.0,4.11,2.33,5.51,0.0,0.0,6.0,21,0.3507755352783203,False,REGULAR,USD,put
SPY280616P00365000,2026-08-24 19:44:30+00:00,365.0,4.56,2.47,6.5,0.0,0.0,1.0,28,0.35761140441894534,False,REGULAR,USD,put
SPY280616P00370000,2026-08-19 18:00:12+00:00,370.0,4.68,2.6,6.5,0.0,0.0,1.0,17,0.35190467437744133,False,REGULAR,USD,put
SPY280616P00375000,2026-08-17 15:27:00+00:00,375.0,4.85,2.74,6.81,0.0,0.0,2.0,154,0.3498600170898437,False,REGULAR,USD,put
SPY280616P00380000,2026-08-17 17:57:04+00:00,380.0,5.11,2.88,5.4,0.0,0.0,3.0,17,0.3272924937438965,False,REGULAR,USD,put
SPY280616P00385000,2026-08-21 19:08:08+00:00,385.0,5.18,3.03,6.23,0.0,0.0,1.0,4,0.3320531883239746,False,REGULAR,USD,put
SPY280616P00390000,2026-09-02 14:44:08+00:00,390.0,4.89,3.18,6.39,-0.1800003,-3.5503018,1.0,9,0.3284979260253906,False,REGULAR,USD,put
SPY280616P00395000,2026-02-24 14:44:46+00:00,395.0,10.22,0.0,0.0,0.0,0.0,1.0,0,0.12500875,False,REGULAR,USD,put
SPY280616P00400000,2026-09-02 13:39:56+00:00,400.0,5.31,3.5,7.5,0.0,0.0,1.0,443,0.32970335830688474,False,REGULAR,USD,put
SPY280616P00405000,2026-07-20 17:09:12+00:00,405.0,7.03,5.91,5.98,0.0,0.0,1.0,9,0.30809712905883785,False,REGULAR,USD,put
SPY280616P00410000,2026-08-26 13:44:12+00:00,410.0,6.08,3.83,7.08,0.0,0.0,1.0,9,0.3147804118347168,False,REGULAR,USD,put
SPY280616P00415000,2026-06-04 15:10:33+00:00,415.0,7.72,0.0,0.0,0.0,0.0,9.0,0,0.062509375,False,REGULAR,USD,put
SPY280616P00420000,2026-08-14 16:31:50+00:00,420.0,6.52,4.2,7.45,0.0,0.0,1.0,140,0.30811238769531246,False,REGULAR,USD,put
SPY280616P00425000,2026-08-10 15:32:44+00:00,425.0,6.7,5.0,7.35,0.0,0.0,2.0,101,0.3020241917419434,False,REGULAR,USD,put
SPY280616P00430000,2026-08-12 16:39:58+00:00,430.0,6.92,4.58,8.5,0.0,0.0,2.0,20,0.3075783354187011,False,REGULAR,USD,put
SPY280616P00435000,2026-09-02 18:50:31+00:00,435.0,6.42,4.78,8.07,-0.50999975,-7.3593044,15.0,6595,0.29862151580810536,False,REGULAR,USD,put
SPY280616P00440000,2026-08-11 17:33:47+00:00,440.0,7.48,4.99,8.28,0.0,0.0,1.0,23,0.2954477194213867,False,REGULAR,USD,put
SPY280616P00445000,2026-09-02 16:26:03+00:00,445.0,6.94,5.55,9.32,-0.3800001,-5.1912584,2.0,229,0.29920134399414056,False,REGULAR,USD,put
SPY280616P00450000,2026-08-11 19:45:29+00:00,450.0,7.99,5.75,9.5,0.0,0.0,1.0,114,0.29560030578613283,False,REGULAR,USD,put
SPY280616P00455000,2026-08-19 14:12:09+00:00,455.0,8.28,5.67,10.0,0.0,0.0,1.0,20,0.2944864253234863,False,REGULAR,USD,put
SPY280616P00460000,2026-09-02 13:39:56+00:00,460.0,7.9,5.91,10.0,0.0,0.0,1.0,157,0.28945107528686514,False,REGULAR,USD,put
SPY280616P00465000,2026-01-13 15:15:04+00:00,465.0,15.1,16.64,16.81,0.0,0.0,5.0,3,0.3301306001281738,False,REGULAR,USD,put
SPY280616P00470000,2026-08-17 17:52:48+00:00,470.0,9.23,6.42,9.77,0.0,0.0,5.0,18,0.27780873565673825,False,REGULAR,USD,put
SPY280616P00475000,2026-08-27 15:15:24+00:00,475.0,8.92,6.69,10.05,0.0,0.0,2.0,785,0.27501640518188475,False,REGULAR,USD,put
SPY280616P00480000,2026-08-31 16:11:16+00:00,480.0,9.24,6.97,10.34,0.0,0.0,1.0,411,0.2722469626617431,False,REGULAR,USD,put
SPY280616P00485000,2026-09-02 15:53:11+00:00,485.0,9.1,7.25,10.63,-0.3199997,-3.3970244,127.0,83,0.2694470028686523,False,REGULAR,USD,put
SPY280616P00490000,2026-07-01 16:59:30+00:00,490.0,12.06,10.37,10.47,0.0,0.0,60.0,25,0.26352665191650393,False,REGULAR,USD,put
SPY280616P00495000,2026-06-15 19:47:47+00:00,495.0,12.93,12.29,12.39,0.0,0.0,3.0,5,0.27141536697387697,False,REGULAR,USD,put
SPY280616P00500000,2026-09-02 18:00:46+00:00,500.0,9.95,8.17,11.59,-0.3600006,-3.4917614,1.0,499,0.26143621871948247,False,REGULAR,USD,put
SPY280616P00505000,2026-07-30 13:58:00+00:00,505.0,13.68,8.5,11.93,0.0,0.0,6.0,9,0.25881173324584966,False,REGULAR,USD,put
SPY280616P00510000,2026-08-19 15:26:21+00:00,510.0,11.95,8.83,13.0,0.0,0.0,1.0,62,0.26058173507690424,False,REGULAR,USD,put
SPY280616P00515000,2026-09-01 14:01:00+00:00,515.0,11.58,8.5,13.37,0.0,0.0,2.0,48,0.2579496202850342,False,REGULAR,USD,put
SPY280616P00520000,2026-08-13 14:51:48+00:00,520.0,12.44,9.54,13.02,0.0,0.0,10.0,58,0.25111375114440915,False,REGULAR,USD,put
SPY280616P00525000,2026-09-01 14:00:56+00:00,525.0,12.4,9.91,14.0,0.0,0.0,2.0,233,0.2519453468322754,False,REGULAR,USD,put
SPY280616P00530000,2026-09-01 14:01:00+00:00,530.0,12.82,10.29,14.5,0.0,0.0,23.0,90,0.24991594818115231,False,REGULAR,USD,put
SPY280616P00535000,2026-08-31 19:59:45+00:00,535.0,12.92,11.2,14.21,0.0,0.0,2.0,8,0.24356835540771482,False,REGULAR,USD,put
SPY280616P00540000,2026-08-24 14:26:58+00:00,540.0,14.65,11.1,14.64,0.0,0.0,3.0,176,0.24114223220825193,False,REGULAR,USD,put
SPY280616P00545000,2026-08-19 16:48:47+00:00,545.0,15.0,11.52,15.0,0.0,0.0,1.0,267,0.23828886718749998,False,REGULAR,USD,put
SPY280616P00550000,2026-09-01 19:32:27+00:00,550.0,14.52,11.96,15.45,0.0,0.0,20.0,746,0.23586274398803708,False,REGULAR,USD,put
SPY280616P00555000,2026-08-19 15:26:21+00:00,555.0,16.05,12.41,15.91,0.0,0.0,1.0,771,0.2334366207885742,False,REGULAR,USD,put
SPY280616P00560000,2026-08-31 19:59:45+00:00,560.0,15.23,12.88,16.48,0.0,0.0,24.0,262,0.2314835153198242,False,REGULAR,USD,put
SPY280616P00565000,2026-08-14 16:36:37+00:00,565.0,16.86,13.56,16.98,0.0,0.0,2.0,194,0.2291336853027344,False,REGULAR,USD,put
SPY280616P00570000,2026-09-01 14:01:08+00:00,570.0,16.75,13.86,17.5,0.0,0.0,1.0,750,0.2268143725585937,False,REGULAR,USD,put
SPY280616P00575000,2026-09-02 19:49:54+00:00,575.0,16.25,14.37,18.04,-0.7199993,-4.2427773,10.0,1313,0.22451794776916498,False,REGULAR,USD,put
SPY280616P00580000,2026-08-21 17:23:55+00:00,580.0,18.78,14.9,19.5,0.0,0.0,5.0,162,0.2261811391448975,False,REGULAR,USD,put
SPY280616P00585000,2026-08-07 14:45:30+00:00,585.0,19.24,16.12,20.0,0.0,0.0,1.0,124,0.2235185070800781,False,REGULAR,USD,put
SPY280616P00590000,2026-09-02 14:07:15+00:00,590.0,18.42,16.01,19.75,-2.2800007,-11.014495,2.0,82,0.2176668199920654,False,REGULAR,USD,put
SPY280616P00595000,2026-08-27 18:28:26+00:00,595.0,19.82,16.6,20.35,0.0,0.0,4.0,709,0.21538565383911135,False,REGULAR,USD,put
SPY280616P00600000,2026-09-02 15:12:46+00:00,600.0,19.5,18.23,21.5,-0.9699993,-4.738639,6.0,1908,0.21524069679260252,False,REGULAR,USD,put
SPY280616P00605000,2026-08-07 18:13:25+00:00,605.0,21.83,17.82,22.5,0.0,0.0,2.0,68,0.21434043724060056,False,REGULAR,USD,put
SPY280616P00610000,2026-09-02 19:39:38+00:00,610.0,20.44,18.46,22.29,-1.7099991,-7.720086,6.0,141,0.20868711242675775,False,REGULAR,USD,put
SPY280616P00615000,2026-08-31 16:21:16+00:00,615.0,22.35,19.77,23.5,0.0,0.0,6.0,47,0.208442974243164,False,REGULAR,USD,put
SPY280616P00620000,2026-08-31 16:19:36+00:00,620.0,23.06,19.81,23.68,0.0,0.0,6.0,68,0.20424684921264646,False,REGULAR,USD,put
SPY280616P00625000,2026-09-02 14:22:21+00:00,625.0,23.03,20.93,24.42,-0.22999954,-0.98882,1.0,485,0.20208775215148925,False,REGULAR,USD,put
SPY280616P00630000,2026-09-01 19:16:16+00:00,630.0,24.35,21.24,25.16,0.0,0.0,2.0,260,0.19984473258972169,False,REGULAR,USD,put
SPY280616P00635000,2026-09-02 18:57:39+00:00,635.0,24.06,21.99,25.93,-1.1599998,-4.5995235,3.0,189,0.19763985961914063,False,REGULAR,USD,put
SPY280616P00640000,2026-09-02 18:57:39+00:00,640.0,24.83,22.76,26.73,-2.1599998,-8.002964,3.0,200,0.1954616892623901,False,REGULAR,USD,put
SPY280616P00645000,2026-07-01 13:39:07+00:00,645.0,33.71,28.4,28.59,0.0,0.0,4.0,40,0.19673960006713864,False,REGULAR,USD,put
SPY280616P00650000,2026-09-02 14:07:15+00:00,650.0,27.22,25.22,28.42,-0.5400009,-1.9452482,2.0,1062,0.19116638309478762,False,REGULAR,USD,put
SPY280616P00655000,2026-09-01 19:16:41+00:00,655.0,28.62,25.21,29.3,0.0,0.0,1.0,73,0.18901110069274904,False,REGULAR,USD,put
SPY280616P00660000,2026-08-31 16:12:21+00:00,660.0,29.62,26.68,30.2,0.0,0.0,10.0,5718,0.1868367449951172,False,REGULAR,USD,put
SPY280616P00665000,2026-08-31 20:02:48+00:00,665.0,29.99,26.97,31.13,0.0,0.0,13.0,209,0.184666203956604,False,REGULAR,USD,put
SPY280616P00670000,2026-09-01 19:32:27+00:00,670.0,31.6,27.91,32.08,0.0,0.0,10.0,102,0.18247277496337888,False,REGULAR,USD,put
SPY280616P00675000,2026-09-02 19:40:36+00:00,675.0,31.07,29.54,33.08,-1.6399994,-5.0137553,30.0,1353,0.1803441951751709,False,REGULAR,USD,put
SPY280616P00680000,2026-09-02 16:26:03+00:00,680.0,32.42,30.72,34.5,-1.2600021,-3.7410989,2.0,767,0.17936764244079587,False,REGULAR,USD,put
SPY280616P00685000,2026-08-20 19:48:48+00:00,685.0,37.06,31.5,35.14,0.0,0.0,5.0,237,0.17599166912078856,False,REGULAR,USD,put
SPY280616P00690000,2026-08-31 14:57:56+00:00,690.0,35.85,31.89,36.5,0.0,0.0,2.0,94,0.1746222064971924,False,REGULAR,USD,put
SPY280616P00695000,2026-08-27 18:10:02+00:00,695.0,36.85,33.0,37.34,0.0,0.0,1.0,174,0.17166203102111818,False,REGULAR,USD,put
SPY280616P00700000,2026-09-01 19:31:21+00:00,700.0,37.93,34.09,38.48,0.0,0.0,14.0,999,0.16946478736877443,False,REGULAR,USD,put
SPY280616P00705000,2026-08-28 14:54:12+00:00,705.0,38.0,35.22,40.0,0.0,0.0,1.0,28,0.16820594985961917,False,REGULAR,USD,put
SPY280616P00710000,2026-09-01 20:06:35+00:00,710.0,40.46,36.5,40.35,0.0,0.0,4.0,165,0.16364743221282962,False,REGULAR,USD,put
SPY280616P00715000,2026-08-24 13:58:50+00:00,715.0,43.82,37.61,41.54,0.0,0.0,1.0,299,0.1612937875366211,False,REGULAR,USD,put
SPY280616P00720000,2026-09-02 19:57:13+00:00,720.0,41.3,39.0,44.0,-1.7299995,-4.02045,1.0,174,0.16219023242950442,False,REGULAR,USD,put
SPY280616P00725000,2026-09-02 19:42:03+00:00,725.0,42.65,40.14,44.77,-0.97999954,-2.2461598,6.0,220,0.158486198425293,False,REGULAR,USD,put
SPY280616P00730000,2026-09-01 15:00:20+00:00,730.0,45.38,41.5,46.15,0.0,0.0,1.0,567,0.15627369613647463,False,REGULAR,USD,put
SPY280616P00735000,2026-09-01 19:45:39+00:00,735.0,47.32,43.0,48.0,0.0,0.0,28.0,168,0.15514455703735353,False,REGULAR,USD,put
SPY280616P00740000,2026-09-01 18:33:44+00:00,740.0,48.8,44.5,49.5,0.0,0.0,1.0,195,0.1529854599761963,False,REGULAR,USD,put
SPY280616P00745000,2026-09-01 18:36:02+00:00,745.0,50.4,46.0,51.0,0.0,0.0,1.0,240,0.15069666450500493,False,REGULAR,USD,put
SPY280616P00750000,2026-09-01 14:44:42+00:00,750.0,51.26,47.5,52.5,0.0,0.0,9.0,506,0.1482781706237793,False,REGULAR,USD,put
SPY280616P00755000,2026-08-19 13:49:01+00:00,755.0,55.0,49.0,53.73,0.0,0.0,1.0,537,0.1450547836685181,False,REGULAR,USD,put
SPY280616P00760000,2026-09-02 19:13:57+00:00,760.0,52.95,50.5,55.5,-2.619999,-4.714772,2.0,265,0.14303682899475098,False,REGULAR,USD,put
SPY280616P00765000,2026-09-01 13:47:45+00:00,765.0,57.22,52.6,57.5,0.0,0.0,3.0,652,0.14143085750579837,False,REGULAR,USD,put
SPY280616P00770000,2026-09-01 17:13:39+00:00,770.0,58.48,54.0,59.0,0.0,0.0,8.0,330,0.13844397941589356,True,REGULAR,USD,put
SPY280616P00775000,2026-08-28 17:11:44+00:00,775.0,59.78,56.0,61.0,0.0,0.0,52.0,390,0.1365213912200928,True,REGULAR,USD,put
SPY280616P00780000,2026-09-02 19:37:03+00:00,780.0,60.18,58.0,63.0,-2.1899986,-3.5113013,1.0,828,0.13443477268218995,True,REGULAR,USD,put
SPY280616P00785000,2026-09-02 19:37:03+00:00,785.0,62.12,59.5,64.5,-2.9099998,-4.474858,51.0,55,0.13094435958862305,True,REGULAR,USD,put
SPY280616P00790000,2026-08-31 19:16:26+00:00,790.0,65.27,62.1,66.5,0.0,0.0,1.0,331,0.12849534843444824,True,REGULAR,USD,put
SPY280616P00795000,2026-08-26 19:44:41+00:00,795.0,69.04,64.0,69.0,0.0,0.0,2.0,86,0.12709155387878418,True,REGULAR,USD,put
SPY280616P00800000,2026-09-01 18:37:16+00:00,800.0,71.31,66.0,71.0,0.0,0.0,10.0,815,0.12425344749450684,True,REGULAR,USD,put
SPY280616P00805000,2026-08-26 19:45:11+00:00,805.0,73.37,68.0,73.0,0.0,0.0,4.0,124,0.121190276222229,True,REGULAR,USD,put
SPY280616P00810000,2026-08-31 18:54:38+00:00,810.0,74.26,70.5,75.5,0.0,0.0,1.0,570,0.11916087757110595,True,REGULAR,USD,put
SPY280616P00815000,2026-09-01 15:19:16+00:00,815.0,77.14,73.0,78.0,0.0,0.0,2.0,163,0.1168987847137451,True,REGULAR,USD,put
SPY280616P00820000,2026-09-01 19:31:39+00:00,820.0,80.81,75.5,80.5,0.0,0.0,5.0,143,0.11438873901367189,True,REGULAR,USD,put
SPY280616P00825000,2026-08-28 16:10:01+00:00,825.0,79.97,78.0,83.0,0.0,0.0,8.0,23,0.11160785251617432,True,REGULAR,USD,put
SPY280616P00830000,2026-08-26 13:53:23+00:00,830.0,86.05,80.5,85.5,0.0,0.0,2.0,9,0.10852179328918457,True,REGULAR,USD,put
SPY280616P00835000,2026-08-19 16:25:19+00:00,835.0,87.03,83.5,88.5,0.0,0.0,4.0,16,0.1065038386154175,True,REGULAR,USD,put
SPY280616P00840000,2026-08-26 17:02:38+00:00,840.0,92.01,86.5,91.5,0.0,0.0,4.0,396,0.10418071121215819,True,REGULAR,USD,put
SPY280616P00845000,2026-09-01 15:19:16+00:00,845.0,93.84,89.5,94.5,0.0,0.0,2.0,7,0.10151807914733885,True,REGULAR,USD,put
SPY280616P00850000,2026-08-31 19:17:03+00:00,850.0,95.54,92.5,97.5,0.0,0.0,2.0,203,0.09845109321594239,True,REGULAR,USD,put
SPY280616P00855000,2026-08-25 14:07:53+00:00,855.0,101.26,96.0,101.0,0.0,0.0,2.0,7,0.09658953956604005,True,REGULAR,USD,put
SPY280616P00860000,2026-08-19 16:50:02+00:00,860.0,102.0,99.05,104.0,0.0,0.0,8.0,4,0.09255363021850585,True,REGULAR,USD,put
SPY280616P00865000,2026-08-14 13:36:34+00:00,865.0,101.3,103.0,108.0,0.0,0.0,2.0,0,0.09165337066650389,True,REGULAR,USD,put
SPY280616P00870000,2026-08-21 18:30:10+00:00,870.0,111.19,106.54,111.5,0.0,0.0,2.0,9,0.0883956517791748,True,REGULAR,USD,put
SPY280616P00875000,2026-08-06 16:33:47+00:00,875.0,113.23,110.5,115.5,0.0,0.0,1.0,3,0.08666379653930664,True,REGULAR,USD,put
SPY280616P00890000,2026-08-27 14:37:18+00:00,890.0,122.63,123.5,128.29,0.0,0.0,11.0,3,0.08268129241943362,True,REGULAR,USD,put
SPY280616P00895000,2026-08-17 19:07:47+00:00,895.0,125.32,128.0,133.0,0.0,0.0,3.0,3,0.08318482742309574,True,REGULAR,USD,put
SPY280616P00900000,2026-08-20 17:37:46+00:00,900.0,136.0,132.65,137.5,0.0,0.0,1.0,1,0.08214724014282226,True,REGULAR,USD,put
SPY280616P00905000,2026-05-15 20:00:25+00:00,905.0,166.5,150.5,155.0,0.0,0.0,1.0,0,0.13858893646240233,True,REGULAR,USD,put
SPY280616P00910000,2026-08-06 16:33:47+00:00,910.0,142.67,142.5,147.5,0.0,0.0,1.0,0,0.08634336517333986,True,REGULAR,USD,put
SPY280616P00915000,2026-05-15 20:00:25+00:00,915.0,176.5,160.5,165.0,0.0,0.0,2.0,0,0.1439523471832275,True,REGULAR,USD,put
SPY280616P00920000,2026-08-05 18:56:51+00:00,920.0,148.39,152.25,157.0,0.0,0.0,,0,0.08669431381225587,True,REGULAR,USD,put
SPY280616P00925000,2026-06-05 17:07:53+00:00,925.0,181.53,0.0,0.0,0.0,0.0,5.0,0,1.0000000000000003e-05,True,REGULAR,USD,put
SPY280616P00930000,2026-06-05 17:07:53+00:00,930.0,186.28,0.0,0.0,0.0,0.0,5.0,0,1.0000000000000003e-05,True,REGULAR,USD,put
SPY280616P00940000,2026-06-09 18:11:35+00:00,940.0,207.87,183.04,188.0,0.0,0.0,,0,0.14945308563232423,True,REGULAR,USD,put
SPY280616P00945000,2026-06-09 18:11:35+00:00,945.0,212.62,188.04,193.0,0.0,0.0,,0,0.15188683815002443,True,REGULAR,USD,put
SPY280616P01000000,2025-12-19 19:29:16+00:00,1000.0,319.0,317.57,322.5,0.0,0.0,1.0,0,0.39229428512573244,True,REGULAR,USD,put
SPY280616P01360000,2026-01-29 20:11:21+00:00,1360.0,668.0,696.53,701.5,0.0,0.0,3.0,0,0.5890391438293459,True,REGULAR,USD,put
