contractSymbol,lastTradeDate,strike,lastPrice,bid,ask,change,percentChange,volume,openInterest,impliedVolatility,inTheMoney,contractSize,currency,type
SPY260430C00430000,2026-01-29 20:13:25+00:00,430.0,265.03,252.94,256.12,0.0,0.0,2.0,2,0.6074868353271485,True,REGULAR,USD,call
SPY260430C00435000,2026-02-04 16:24:12+00:00,435.0,255.0,248.01,251.19,0.0,0.0,1.0,0,0.5979654461669923,True,REGULAR,USD,call
SPY260430C00460000,2026-02-05 17:34:03+00:00,460.0,224.69,223.37,226.56,0.0,0.0,,0,0.5502974658203126,True,REGULAR,USD,call
SPY260430C00470000,2026-02-12 16:20:45+00:00,470.0,218.37,213.53,216.72,0.0,0.0,2.0,1,0.5313767565917968,True,REGULAR,USD,call
SPY260430C00475000,2026-02-05 17:30:15+00:00,475.0,210.58,208.61,211.81,0.0,0.0,2.0,1,0.5220995056152342,True,REGULAR,USD,call
SPY260430C00480000,2026-02-05 17:28:46+00:00,480.0,205.67,203.7,206.89,0.0,0.0,2.0,74,0.5126391510009765,True,REGULAR,USD,call
SPY260430C00485000,2025-12-09 15:15:18+00:00,485.0,206.14,208.76,212.1,0.0,0.0,1.0,4,0.7407862835693357,True,REGULAR,USD,call
SPY260430C00490000,2025-12-15 16:20:46+00:00,490.0,199.15,203.87,207.36,0.0,0.0,,1,0.7276943734741211,True,REGULAR,USD,call
SPY260430C00495000,2026-02-05 17:28:30+00:00,495.0,190.94,188.97,192.17,0.0,0.0,2.0,27,0.5327195166015625,True,REGULAR,USD,call
SPY260430C00500000,2026-02-19 18:02:28+00:00,500.0,185.5,184.07,187.28,0.0,0.0,1.0,11,0.522343643798828,True,REGULAR,USD,call
SPY260430C00505000,2026-01-29 17:59:39+00:00,505.0,188.8,179.17,182.38,0.0,0.0,2.0,2,0.5116625982666017,True,REGULAR,USD,call
SPY260430C00510000,2026-02-05 17:29:00+00:00,510.0,176.28,174.28,177.49,0.0,0.0,2.0,107,0.5011646563720704,True,REGULAR,USD,call
SPY260430C00515000,2026-02-02 14:43:37+00:00,515.0,182.04,169.39,172.6,0.0,0.0,2.0,4,0.49066671447753907,True,REGULAR,USD,call
SPY260430C00520000,2026-02-02 14:42:16+00:00,520.0,177.09,164.51,167.72,0.0,0.0,2.0,47,0.4803518762207031,True,REGULAR,USD,call
SPY260430C00525000,2026-02-18 15:53:22+00:00,525.0,166.85,159.63,162.86,0.0,0.0,1.0,10,0.4704032452392578,True,REGULAR,USD,call
SPY260430C00530000,2026-02-18 15:51:06+00:00,530.0,161.94,154.76,157.99,0.0,0.0,2.0,35,0.4601799588012696,True,REGULAR,USD,call
SPY260430C00535000,2026-01-30 19:53:15+00:00,535.0,162.11,149.9,153.14,0.0,0.0,2.0,11,0.4503228796386719,True,REGULAR,USD,call
SPY260430C00540000,2026-02-12 16:43:21+00:00,540.0,150.25,145.05,148.28,0.0,0.0,1.0,6,0.4401301104736328,True,REGULAR,USD,call
SPY260430C00545000,2026-01-30 17:03:05+00:00,545.0,151.5,140.21,143.44,0.0,0.0,6.0,311,0.4302730313110352,True,REGULAR,USD,call
SPY260430C00550000,2026-02-17 15:54:54+00:00,550.0,133.01,135.37,138.68,0.0,0.0,1.0,14,0.42188078125,True,REGULAR,USD,call
SPY260430C00555000,2026-01-29 17:58:35+00:00,555.0,140.38,130.55,133.87,0.0,0.0,208.0,101,0.4123288748168945,True,REGULAR,USD,call
SPY260430C00560000,2026-02-23 16:21:51+00:00,560.0,126.44,125.75,129.07,-0.2599945,-0.20520483,1.0,227,0.4028074856567383,True,REGULAR,USD,call
SPY260430C00565000,2026-02-23 16:04:20+00:00,565.0,121.48,120.96,124.28,-6.5499954,-5.1159844,3.0,306,0.39331661376953125,True,REGULAR,USD,call
SPY260430C00570000,2026-02-23 16:22:15+00:00,570.0,117.19,116.19,119.57,-1.6100006,-1.3552194,1.0,464,0.3850159155273437,True,REGULAR,USD,call
SPY260430C00575000,2026-02-23 18:22:32+00:00,575.0,113.69,111.43,114.81,0.48000336,0.4239938,1.0,113,0.37567763000488286,True,REGULAR,USD,call
SPY260430C00580000,2026-02-23 19:44:24+00:00,580.0,106.45,106.7,110.08,0.019996643,0.01878854,5.0,166,0.3665834826660156,True,REGULAR,USD,call
SPY260430C00585000,2026-02-23 19:07:30+00:00,585.0,102.89,101.99,105.38,-0.62000275,-0.5989786,2.0,45,0.35773347351074214,True,REGULAR,USD,call
SPY260430C00590000,2026-02-23 16:50:11+00:00,590.0,98.55,97.3,100.7,-4.169998,-4.0595775,2.0,148,0.3489292402648925,True,REGULAR,USD,call
SPY260430C00595000,2026-02-20 17:22:01+00:00,595.0,95.15,92.64,96.07,-1.8499985,-1.9072149,1.0,70,0.3405522488403321,True,REGULAR,USD,call
SPY260430C00600000,2026-02-23 16:13:17+00:00,600.0,87.98,88.01,91.44,-7.709999,-8.057267,11.0,159,0.3318853433227539,True,REGULAR,USD,call
SPY260430C00605000,2026-02-23 17:34:40+00:00,605.0,83.95,83.41,86.86,-4.720001,-5.3231096,4.0,89,0.3235236105346678,True,REGULAR,USD,call
SPY260430C00610000,2026-02-23 17:36:41+00:00,610.0,79.09,78.85,81.78,-2.380005,-2.9213266,3.0,100,0.3083565258789062,True,REGULAR,USD,call
SPY260430C00611000,2026-02-19 16:53:39+00:00,611.0,80.6,77.95,80.88,0.0,0.0,2.0,2,0.3068306622314453,True,REGULAR,USD,call
SPY260430C00612000,2026-01-28 18:08:54+00:00,612.0,92.66,77.04,79.98,0.0,0.0,4.0,13,0.3052742813110352,True,REGULAR,USD,call
SPY260430C00613000,2026-01-29 14:56:26+00:00,613.0,90.3,76.13,79.09,0.0,0.0,1.0,2,0.30383996948242187,True,REGULAR,USD,call
SPY260430C00614000,2025-12-31 18:39:43+00:00,614.0,84.14,86.72,87.42,0.0,0.0,16.0,18,0.4091245611572265,True,REGULAR,USD,call
SPY260430C00615000,2026-02-18 18:14:43+00:00,615.0,81.25,74.33,77.29,0.0,0.0,2.0,78,0.30063565582275387,True,REGULAR,USD,call
SPY260430C00616000,2026-01-28 15:17:48+00:00,616.0,90.09,73.43,76.39,0.0,0.0,2.0,24,0.2990182403564453,True,REGULAR,USD,call
SPY260430C00617000,2026-02-03 19:25:56+00:00,617.0,79.36,72.53,75.5,0.0,0.0,1.0,8,0.29750763534545893,True,REGULAR,USD,call
SPY260430C00618000,2025-12-30 16:58:33+00:00,618.0,82.54,83.08,83.71,0.0,0.0,2.0,2,0.3990233438110352,True,REGULAR,USD,call
SPY260430C00619000,2026-02-20 16:00:45+00:00,619.0,77.35,70.74,73.72,0.0,0.0,8.0,2,0.2944101321411132,True,REGULAR,USD,call
SPY260430C00620000,2026-02-23 19:43:37+00:00,620.0,69.81,69.85,72.84,-7.4400024,-9.631071,8.0,615,0.2929453030395507,True,REGULAR,USD,call
SPY260430C00621000,2026-01-23 20:16:06+00:00,621.0,79.17,68.96,71.95,0.0,0.0,1.0,3,0.29135840484619135,True,REGULAR,USD,call
SPY260430C00622000,2026-02-23 15:28:17+00:00,622.0,71.2,68.96,70.63,-3.8199997,-5.091975,1.0,4,0.28459882888793936,True,REGULAR,USD,call
SPY260430C00623000,2026-02-03 17:12:22+00:00,623.0,76.67,68.08,69.74,0.0,0.0,1.0,2,0.2829966720581054,True,REGULAR,USD,call
SPY260430C00624000,2026-02-23 16:04:11+00:00,624.0,66.88,67.2,68.84,-6.310005,-8.621403,2.0,3,0.28125718749999995,True,REGULAR,USD,call
SPY260430C00625000,2026-02-23 17:14:21+00:00,625.0,66.37,66.33,67.96,-5.8399963,-8.087518,1.0,40,0.2797465824890136,True,REGULAR,USD,call
SPY260430C00626000,2026-01-20 17:39:11+00:00,626.0,69.49,65.45,67.07,0.0,0.0,2.0,3,0.27808339111328123,True,REGULAR,USD,call
SPY260430C00627000,2026-02-06 18:00:22+00:00,627.0,72.2,64.58,66.19,0.0,0.0,1.0,4,0.27652701019287107,True,REGULAR,USD,call
SPY260430C00628000,2026-02-09 15:20:49+00:00,628.0,74.25,63.72,65.3,0.0,0.0,7.0,16,0.27481804290771483,True,REGULAR,USD,call
SPY260430C00629000,2026-02-04 18:22:18+00:00,629.0,66.5,62.85,64.42,0.0,0.0,12.0,8,0.27321588607788083,True,REGULAR,USD,call
SPY260430C00630000,2026-02-23 21:08:55+00:00,630.0,61.89,62.43,63.12,-5.489998,-8.147815,5.0,133,0.2668225173950196,True,REGULAR,USD,call
SPY260430C00631000,2026-02-12 20:51:16+00:00,631.0,61.64,61.13,62.67,0.0,0.0,14.0,14,0.2700573483276367,True,REGULAR,USD,call
SPY260430C00632000,2025-11-28 17:11:12+00:00,632.0,71.16,71.75,72.26,0.0,0.0,1.0,1,0.37784435638427727,True,REGULAR,USD,call
SPY260430C00633000,2025-12-17 21:04:25+00:00,633.0,58.16,69.76,70.43,0.0,0.0,,1,0.36607994766235347,True,REGULAR,USD,call
SPY260430C00634000,2026-01-22 14:34:00+00:00,634.0,68.5,58.55,60.05,0.0,0.0,1.0,1,0.2651898432922363,True,REGULAR,USD,call
SPY260430C00635000,2026-02-23 16:16:37+00:00,635.0,56.76,57.7,59.18,-6.080002,-9.675369,1.0,51,0.26355716918945316,True,REGULAR,USD,call
SPY260430C00636000,2026-02-23 15:44:57+00:00,636.0,58.35,56.85,58.32,-7.5,-11.389522,1.0,660,0.26200078826904294,True,REGULAR,USD,call
SPY260430C00637000,2026-02-06 14:56:45+00:00,637.0,60.21,56.01,57.46,0.0,0.0,1.0,1,0.26044440734863283,True,REGULAR,USD,call
SPY260430C00638000,2026-02-23 16:25:34+00:00,638.0,55.38,55.16,56.6,-11.249996,-16.884281,3.0,4,0.2588422505187989,True,REGULAR,USD,call
SPY260430C00639000,2026-01-30 16:56:41+00:00,639.0,64.35,54.32,55.74,0.0,0.0,3.0,3,0.2572095764160156,True,REGULAR,USD,call
SPY260430C00640000,2026-02-20 20:14:55+00:00,640.0,59.32,53.48,54.88,0.0,0.0,3.0,394,0.25557690231323243,True,REGULAR,USD,call
SPY260430C00641000,2026-02-17 14:53:18+00:00,641.0,50.8,52.65,54.03,0.0,0.0,1.0,1116,0.2540052627563477,True,REGULAR,USD,call
SPY260430C00642000,2026-02-02 19:25:06+00:00,642.0,66.33,51.81,53.18,0.0,0.0,1.0,4,0.2524183645629883,True,REGULAR,USD,call
SPY260430C00643000,2026-02-18 16:20:58+00:00,643.0,56.02,50.98,52.33,0.0,0.0,1.0,2,0.250785690460205,True,REGULAR,USD,call
SPY260430C00644000,2026-02-23 19:38:25+00:00,644.0,49.55,50.16,51.49,-14.469997,-22.602308,1.0,42,0.2492445681762695,True,REGULAR,USD,call
SPY260430C00645000,2026-02-23 19:33:10+00:00,645.0,48.9,49.34,50.65,-0.90999985,-1.826942,3.0,252,0.24765766998291017,True,REGULAR,USD,call
SPY260430C00646000,2026-02-10 16:23:18+00:00,646.0,59.74,48.51,49.81,0.0,0.0,4.0,51,0.24607077178955078,True,REGULAR,USD,call
SPY260430C00647000,2026-02-23 16:25:34+00:00,647.0,47.84,47.7,48.97,-5.4799995,-10.277568,3.0,22,0.244422839050293,True,REGULAR,USD,call
SPY260430C00648000,2025-12-23 19:51:31+00:00,648.0,58.0,56.81,57.34,0.0,0.0,1.0,84,0.3316412051391602,True,REGULAR,USD,call
SPY260430C00649000,2026-02-06 20:55:01+00:00,649.0,55.41,46.07,47.31,0.0,0.0,3.0,16,0.24127955993652345,True,REGULAR,USD,call
SPY260430C00650000,2026-02-23 20:05:45+00:00,650.0,44.83,45.27,46.49,-2.329998,-4.9406233,1.0,871,0.23975369628906246,True,REGULAR,USD,call
SPY260430C00651000,2026-02-20 19:51:00+00:00,651.0,49.33,44.46,45.66,0.0,0.0,1.0,9,0.23810576354980467,True,REGULAR,USD,call
SPY260430C00652000,2026-02-17 14:50:45+00:00,652.0,42.23,43.66,44.84,0.0,0.0,1.0,13,0.23651886535644528,True,REGULAR,USD,call
SPY260430C00653000,2026-02-20 20:36:17+00:00,653.0,47.72,42.87,44.03,0.0,0.0,2.0,80,0.23499300170898438,True,REGULAR,USD,call
SPY260430C00654000,2026-02-18 16:18:35+00:00,654.0,46.86,42.08,43.21,0.0,0.0,3.0,28,0.23334506896972657,True,REGULAR,USD,call
SPY260430C00655000,2026-02-18 17:26:30+00:00,655.0,46.15,41.29,42.4,0.0,0.0,2.0,73,0.23175817077636718,True,REGULAR,USD,call
SPY260430C00656000,2026-02-17 14:41:38+00:00,656.0,41.8,40.5,41.6,0.0,0.0,4.0,965,0.23023230712890624,True,REGULAR,USD,call
SPY260430C00657000,2026-02-13 18:02:12+00:00,657.0,42.34,39.72,40.79,0.0,0.0,2.0,11,0.22856911575317385,True,REGULAR,USD,call
SPY260430C00658000,2026-02-23 16:08:07+00:00,658.0,38.39,38.94,39.99,-1.4799995,-3.712063,1.0,14,0.2269669589233398,True,REGULAR,USD,call
SPY260430C00659000,2026-01-26 15:11:19+00:00,659.0,48.35,38.17,39.2,0.0,0.0,1.0,12,0.2254258366394043,True,REGULAR,USD,call
SPY260430C00660000,2026-02-23 20:54:10+00:00,660.0,36.91,37.4,38.4,-5.299999,-12.556265,16.0,1719,0.22376264526367184,True,REGULAR,USD,call
SPY260430C00661000,2026-01-13 15:55:37+00:00,661.0,49.72,37.98,41.47,0.0,0.0,3.0,39,0.25748423187255864,True,REGULAR,USD,call
SPY260430C00662000,2026-02-23 16:11:06+00:00,662.0,35.43,35.87,36.83,-5.5,-13.437576,1.0,18,0.2205888488769531,True,REGULAR,USD,call
SPY260430C00663000,2026-02-20 20:35:36+00:00,663.0,39.6,35.12,36.05,0.0,0.0,2.0,31,0.21898669204711912,True,REGULAR,USD,call
SPY260430C00664000,2026-02-23 16:35:04+00:00,664.0,34.7,34.37,35.28,-2.5,-6.72043,8.0,23,0.21744556976318358,True,REGULAR,USD,call
SPY260430C00665000,2026-02-20 19:08:13+00:00,665.0,34.2,33.99,34.27,-4.169998,-10.867861,7.0,748,0.2136919451904297,True,REGULAR,USD,call
SPY260430C00666000,2026-02-12 19:49:33+00:00,666.0,36.55,32.88,33.74,0.0,0.0,2.0,43,0.21422599746704102,True,REGULAR,USD,call
SPY260430C00667000,2026-02-12 19:58:38+00:00,667.0,35.4,32.46,32.79,0.0,0.0,46.0,54,0.21094539062499998,True,REGULAR,USD,call
SPY260430C00668000,2026-02-17 15:37:56+00:00,668.0,28.94,31.73,31.99,0.0,0.0,10.0,77,0.20897702651977534,True,REGULAR,USD,call
SPY260430C00669000,2026-02-23 17:13:41+00:00,669.0,30.54,30.68,31.47,-4.3499985,-12.4677515,3.0,57,0.20945004425048824,True,REGULAR,USD,call
SPY260430C00670000,2026-02-23 14:33:18+00:00,670.0,30.45,30.24,30.51,-3.5699997,-10.493826,9.0,488,0.20597107513427731,True,REGULAR,USD,call
SPY260430C00671000,2026-02-23 19:01:29+00:00,671.0,29.17,29.53,29.82,-4.1499996,-12.454981,1.0,86,0.2048419360351562,True,REGULAR,USD,call
SPY260430C00672000,2026-02-23 19:01:29+00:00,672.0,28.44,28.54,29.24,-1.2999992,-4.371215,1.0,197,0.20461305648803707,True,REGULAR,USD,call
SPY260430C00673000,2026-02-23 19:01:54+00:00,673.0,27.75,27.84,28.51,-4.6500015,-14.351856,2.0,168,0.2030414169311523,True,REGULAR,USD,call
SPY260430C00674000,2026-02-23 19:01:23+00:00,674.0,27.04,27.14,27.78,-4.0599995,-13.05466,1.0,182,0.2013934841918945,True,REGULAR,USD,call
SPY260430C00675000,2026-02-23 20:34:41+00:00,675.0,26.45,26.7,27.07,-3.8599987,-12.735067,13.0,959,0.1998981378173828,True,REGULAR,USD,call
SPY260430C00676000,2026-02-23 19:06:30+00:00,676.0,25.51,25.75,26.37,-1.2299995,-4.5998487,1.0,149,0.1984180500793457,True,REGULAR,USD,call
SPY260430C00677000,2026-02-23 21:03:34+00:00,677.0,25.3,25.06,25.67,-3.7700005,-12.9686985,11.0,342,0.19689218643188477,True,REGULAR,USD,call
SPY260430C00678000,2026-02-23 19:32:05+00:00,678.0,23.88,24.37,24.98,-3.5700016,-13.005469,11.0,481,0.19539684005737307,True,REGULAR,USD,call
SPY260430C00679000,2026-02-23 19:53:11+00:00,679.0,23.15,23.88,24.24,-4.41,-16.001451,14.0,252,0.19342847595214846,True,REGULAR,USD,call
SPY260430C00680000,2026-02-23 21:14:55+00:00,680.0,23.35,23.21,23.48,-3.42,-12.775495,131.0,1621,0.1912312322998047,True,REGULAR,USD,call
SPY260430C00681000,2026-02-23 21:02:34+00:00,681.0,22.68,22.54,22.8,-3.619999,-13.764255,109.0,814,0.18964433410644532,True,REGULAR,USD,call
SPY260430C00682000,2026-02-23 21:14:28+00:00,682.0,22.0,22.02,22.07,-3.7999992,-14.728681,169.0,714,0.18759967681884765,True,REGULAR,USD,call
SPY260430C00683000,2026-02-23 21:08:25+00:00,683.0,21.3,21.36,21.42,-3.3000011,-13.4146385,16.0,511,0.18616536499023437,False,REGULAR,USD,call
SPY260430C00684000,2026-02-23 21:04:29+00:00,684.0,20.66,20.72,20.77,-3.6499996,-15.014397,75.0,406,0.18467001861572263,False,REGULAR,USD,call
SPY260430C00685000,2026-02-23 21:01:22+00:00,685.0,19.97,20.08,20.13,-3.8500004,-16.16289,353.0,3367,0.18320518951416015,False,REGULAR,USD,call
SPY260430C00686000,2026-02-23 21:03:39+00:00,686.0,19.33,19.45,19.51,-3.33,-14.695498,66.0,532,0.1818471708679199,False,REGULAR,USD,call
SPY260430C00687000,2026-02-23 20:34:04+00:00,687.0,18.52,18.83,18.88,-3.7600002,-16.876123,61.0,623,0.18033656585693358,False,REGULAR,USD,call
SPY260430C00688000,2026-02-23 19:40:20+00:00,688.0,17.34,18.22,18.27,-4.209999,-19.53596,58.0,456,0.1789327713012695,False,REGULAR,USD,call
SPY260430C00689000,2026-02-23 20:59:38+00:00,689.0,17.3,17.61,17.66,-3.8500004,-18.203312,29.0,588,0.1774526835632324,False,REGULAR,USD,call
SPY260430C00690000,2026-02-23 21:14:14+00:00,690.0,17.03,17.01,17.05,-3.17,-15.6930685,302.0,1260,0.17591156127929689,False,REGULAR,USD,call
SPY260430C00691000,2026-02-23 19:06:09+00:00,691.0,15.91,16.43,16.48,-3.7299995,-18.99185,54.0,360,0.1746298358154297,False,REGULAR,USD,call
SPY260430C00692000,2026-02-23 20:53:35+00:00,692.0,15.28,15.85,15.9,-3.4399996,-18.376068,28.0,203,0.17321078262329104,False,REGULAR,USD,call
SPY260430C00693000,2026-02-23 19:12:59+00:00,693.0,14.65,15.28,15.33,-3.5100002,-19.328196,10.0,175,0.17179172943115234,False,REGULAR,USD,call
SPY260430C00694000,2026-02-23 16:15:14+00:00,694.0,13.97,14.72,14.77,-3.579999,-20.398855,6.0,422,0.1703879348754883,False,REGULAR,USD,call
SPY260430C00695000,2026-02-23 21:01:37+00:00,695.0,14.12,14.17,14.22,-3.1600008,-18.28704,257.0,2045,0.16898414031982423,False,REGULAR,USD,call
SPY260430C00696000,2026-02-23 20:42:14+00:00,696.0,13.16,13.63,13.68,-3.1800003,-19.461447,9.0,462,0.1675956044006348,False,REGULAR,USD,call
SPY260430C00697000,2026-02-23 19:02:29+00:00,697.0,12.72,13.1,13.15,-2.9799995,-18.980888,8.0,345,0.16622232711791995,False,REGULAR,USD,call
SPY260430C00698000,2026-02-23 16:40:23+00:00,698.0,12.43,12.58,12.63,-2.8499994,-18.651829,2.0,767,0.16483379119873048,False,REGULAR,USD,call
SPY260430C00699000,2026-02-23 20:31:39+00:00,699.0,11.71,12.07,12.12,-2.6000004,-18.169113,4.0,778,0.16346051391601565,False,REGULAR,USD,call
SPY260430C00700000,2026-02-23 20:59:56+00:00,700.0,11.5,11.57,11.62,-2.8400002,-19.80474,206.0,2630,0.16210249526977538,False,REGULAR,USD,call
SPY260430C00701000,2026-02-23 20:42:14+00:00,701.0,10.66,11.09,11.14,-3.0699997,-22.359795,48.0,363,0.1608207698059082,False,REGULAR,USD,call
SPY260430C00702000,2026-02-23 17:42:40+00:00,702.0,10.14,10.61,10.66,-2.9099998,-22.298851,8.0,272,0.15946275115966796,False,REGULAR,USD,call
SPY260430C00703000,2026-02-23 17:06:02+00:00,703.0,9.86,10.15,10.2,-2.63,-21.056847,3.0,146,0.15818102569580078,False,REGULAR,USD,call
SPY260430C00704000,2026-02-23 17:43:43+00:00,704.0,9.39,9.7,9.74,-2.08,-18.134262,2.0,351,0.1568230070495606,False,REGULAR,USD,call
SPY260430C00705000,2026-02-23 20:53:55+00:00,705.0,8.87,9.26,9.3,-2.5600004,-22.397202,43.0,1190,0.15554128158569336,False,REGULAR,USD,call
SPY260430C00706000,2026-02-23 20:51:21+00:00,706.0,8.53,8.83,8.88,-1.9400005,-18.529137,89.0,178,0.15436636657714847,False,REGULAR,USD,call
SPY260430C00707000,2026-02-23 20:49:28+00:00,707.0,8.21,8.41,8.46,-2.4899998,-23.271025,7.0,198,0.1530846411132813,False,REGULAR,USD,call
SPY260430C00708000,2026-02-23 18:58:44+00:00,708.0,7.7,8.01,8.05,-2.4000006,-23.76238,26.0,915,0.15180291564941406,False,REGULAR,USD,call
SPY260430C00709000,2026-02-23 19:56:09+00:00,709.0,7.2,7.62,7.66,-1.7300005,-19.372906,33.0,442,0.15061274200439456,False,REGULAR,USD,call
SPY260430C00710000,2026-02-23 21:14:55+00:00,710.0,7.25,7.24,7.28,-2.0299997,-21.874998,120.0,7208,0.1494073097229004,False,REGULAR,USD,call
SPY260430C00711000,2026-02-23 21:08:28+00:00,711.0,6.87,6.87,6.92,-1.8800001,-21.485716,20.0,489,0.14830868789672852,False,REGULAR,USD,call
SPY260430C00712000,2026-02-23 16:06:02+00:00,712.0,6.22,6.52,6.56,-2.23,-26.390533,2.0,268,0.14710325561523438,False,REGULAR,USD,call
SPY260430C00713000,2026-02-23 20:15:06+00:00,713.0,5.76,6.18,6.22,-0.9399996,-14.029844,22.0,344,0.14600463378906248,False,REGULAR,USD,call
SPY260430C00714000,2026-02-23 20:14:31+00:00,714.0,5.47,5.85,5.89,-1.98,-26.577183,9.0,433,0.14490601196289063,False,REGULAR,USD,call
SPY260430C00715000,2026-02-23 20:27:55+00:00,715.0,5.23,5.53,5.57,-1.8699999,-26.338026,33.0,5732,0.1437768728637695,False,REGULAR,USD,call
SPY260430C00716000,2026-02-23 20:14:36+00:00,716.0,4.86,5.23,5.27,-1.6099997,-24.884077,30.0,234,0.14278506149291992,False,REGULAR,USD,call
SPY260430C00717000,2026-02-23 16:42:34+00:00,717.0,4.87,4.94,4.97,-1.3200002,-21.32472,16.0,136,0.14167118103027343,False,REGULAR,USD,call
SPY260430C00718000,2026-02-23 15:37:27+00:00,718.0,4.91,4.66,4.69,-0.39000034,-7.3584967,1.0,470,0.14066411102294923,False,REGULAR,USD,call
SPY260430C00719000,2026-02-20 20:19:13+00:00,719.0,5.7,4.39,4.43,0.0,0.0,301.0,472,0.1397791101074219,False,REGULAR,USD,call
SPY260430C00720000,2026-02-23 20:45:37+00:00,720.0,3.96,4.13,4.17,-1.5700002,-28.390598,55.0,2428,0.1387872987365723,False,REGULAR,USD,call
SPY260430C00721000,2026-02-23 18:51:35+00:00,721.0,3.79,3.89,3.92,-0.94000006,-19.873152,3.0,41,0.13779548736572267,False,REGULAR,USD,call
SPY260430C00722000,2026-02-23 20:59:35+00:00,722.0,3.6,3.65,3.69,-0.31000018,-7.9283934,29.0,19,0.13694100372314455,False,REGULAR,USD,call
SPY260430C00723000,2026-02-23 20:59:53+00:00,723.0,3.42,3.43,3.47,-1.0699997,-23.830729,54.0,18723,0.13610177871704104,False,REGULAR,USD,call
SPY260430C00724000,2026-02-20 20:59:48+00:00,724.0,4.24,3.22,3.26,0.0,0.0,2.0,16,0.13527781234741215,False,REGULAR,USD,call
SPY260430C00725000,2026-02-23 20:14:59+00:00,725.0,2.8,3.02,3.06,-1.1800001,-29.648243,41.0,4706,0.13446910461425782,False,REGULAR,USD,call
SPY260430C00726000,2026-02-23 18:47:40+00:00,726.0,2.79,2.83,2.87,-0.8800001,-23.978205,7.0,227,0.1336909141540527,False,REGULAR,USD,call
SPY260430C00727000,2026-02-23 16:57:11+00:00,727.0,2.56,2.65,2.69,-0.94000006,-26.857145,20.0,80,0.13294324096679688,False,REGULAR,USD,call
SPY260430C00728000,2026-02-23 20:15:06+00:00,728.0,2.3,2.48,2.52,-1.0,-30.30303,3.0,115,0.13221082641601564,False,REGULAR,USD,call
SPY260430C00729000,2026-02-20 16:49:18+00:00,729.0,3.1,2.32,2.36,0.0,0.0,5.0,5,0.1315394464111328,False,REGULAR,USD,call
SPY260430C00730000,2026-02-23 21:12:57+00:00,730.0,2.18,2.17,2.2,-0.77,-26.101694,395.0,1820,0.1307459973144531,False,REGULAR,USD,call
SPY260430C00731000,2026-02-23 16:34:18+00:00,731.0,2.0,2.03,2.06,-0.6700001,-25.093636,6.0,25,0.13013565185546871,False,REGULAR,USD,call
SPY260430C00732000,2026-02-20 16:11:54+00:00,732.0,2.5,1.9,1.93,0.0,0.0,1.0,205,0.12961685821533203,False,REGULAR,USD,call
SPY260430C00733000,2026-02-20 20:55:00+00:00,733.0,2.35,1.77,1.8,0.0,0.0,1.0,121,0.12897599548339844,False,REGULAR,USD,call
SPY260430C00734000,2026-02-23 16:16:30+00:00,734.0,1.55,1.65,1.68,-0.46000004,-22.885574,30.0,205,0.12839616729736325,False,REGULAR,USD,call
SPY260430C00735000,2026-02-23 20:44:35+00:00,735.0,1.48,1.54,1.57,-0.5999999,-28.846151,10.0,2047,0.1279078909301758,False,REGULAR,USD,call
SPY260430C00736000,2026-02-23 19:07:52+00:00,736.0,1.37,1.44,1.47,-0.43999994,-24.30939,76.0,389,0.12751116638183596,False,REGULAR,USD,call
SPY260430C00737000,2026-02-23 20:37:25+00:00,737.0,1.3,1.34,1.37,-0.33000004,-20.245401,234.0,82,0.12702289001464845,False,REGULAR,USD,call
SPY260430C00738000,2026-02-19 20:14:07+00:00,738.0,1.39,1.25,1.28,0.0,0.0,3.0,395,0.12659564819335936,False,REGULAR,USD,call
SPY260430C00739000,2026-02-23 14:42:28+00:00,739.0,1.49,1.17,1.2,-0.100000024,-6.289309,291.0,320,0.1263515100097656,False,REGULAR,USD,call
SPY260430C00740000,2026-02-23 20:18:27+00:00,740.0,1.03,1.09,1.12,-0.32000005,-23.703707,37.0,2728,0.125985302734375,False,REGULAR,USD,call
SPY260430C00741000,2026-02-23 15:19:59+00:00,741.0,1.14,1.02,1.04,-0.110000014,-8.800001,276.0,81,0.12549702636718751,False,REGULAR,USD,call
SPY260430C00742000,2026-02-23 17:03:57+00:00,742.0,0.92,0.95,0.98,-0.32,-25.806452,4.0,143,0.12543599182128906,False,REGULAR,USD,call
SPY260430C00743000,2026-02-23 19:12:43+00:00,743.0,0.84,0.89,0.91,-0.38000005,-31.147543,11.0,24,0.12500875,False,REGULAR,USD,call
SPY260430C00744000,2026-02-23 16:16:03+00:00,744.0,0.79,0.83,0.85,-0.32999998,-29.464285,1.0,38,0.12476461181640625,False,REGULAR,USD,call
SPY260430C00745000,2026-02-23 20:06:47+00:00,745.0,0.73,0.77,0.8,-0.30999994,-29.807688,467.0,3081,0.1247035772705078,False,REGULAR,USD,call
SPY260430C00746000,2026-02-23 19:12:43+00:00,746.0,0.7,0.72,0.75,-0.3,-30.000002,10.0,15,0.12458150817871094,False,REGULAR,USD,call
SPY260430C00747000,2026-02-20 17:01:55+00:00,747.0,0.92,0.68,0.7,0.0,0.0,5.0,33,0.12439840454101564,False,REGULAR,USD,call
SPY260430C00748000,2026-02-12 17:14:03+00:00,748.0,1.08,0.63,0.66,0.0,0.0,1.0,4,0.12439840454101564,False,REGULAR,USD,call
SPY260430C00749000,2026-02-23 16:57:11+00:00,749.0,0.58,0.59,0.61,-0.45,-43.689323,20.0,18,0.124032197265625,False,REGULAR,USD,call
SPY260430C00750000,2026-02-23 20:40:44+00:00,750.0,0.55,0.55,0.58,-0.20999998,-27.631577,67.0,4289,0.12427633544921876,False,REGULAR,USD,call
SPY260430C00755000,2026-02-23 20:44:35+00:00,755.0,0.4,0.4,0.42,-0.119999975,-23.076918,9.0,1418,0.12409323181152344,False,REGULAR,USD,call
SPY260430C00760000,2026-02-23 20:40:44+00:00,760.0,0.29,0.3,0.32,-0.099999994,-25.641024,6.0,1113,0.12513081909179688,False,REGULAR,USD,call
SPY260430C00765000,2026-02-20 17:20:16+00:00,765.0,0.29,0.22,0.24,0.0,0.0,1.0,2096,0.125985302734375,False,REGULAR,USD,call
SPY260430C00770000,2026-02-23 18:58:19+00:00,770.0,0.18,0.17,0.19,-0.03999999,-18.181814,12.0,2311,0.12769427001953126,False,REGULAR,USD,call
SPY260430C00775000,2026-02-23 20:39:10+00:00,775.0,0.13,0.13,0.15,-0.050000012,-27.777782,10.0,398,0.1294032373046875,False,REGULAR,USD,call
SPY260430C00780000,2026-02-20 18:26:25+00:00,780.0,0.12,0.1,0.12,-0.009999998,-7.692306,1.0,1198,0.1313563427734375,False,REGULAR,USD,call
SPY260430C00785000,2026-02-20 17:20:16+00:00,785.0,0.1,0.08,0.09,0.0,0.0,1.0,122,0.13208875732421876,False,REGULAR,USD,call
SPY260430C00790000,2026-02-19 20:52:37+00:00,790.0,0.08,0.06,0.08,0.0,0.0,41.0,1667,0.1355066918945313,False,REGULAR,USD,call
SPY260430C00795000,2026-02-10 14:35:56+00:00,795.0,0.17,0.05,0.06,0.0,0.0,10.0,386,0.1362391064453125,False,REGULAR,USD,call
SPY260430C00800000,2026-02-20 16:52:18+00:00,800.0,0.05,0.04,0.06,-0.02,-28.571428,20.0,1533,0.14112187011718752,False,REGULAR,USD,call
SPY260430C00805000,2026-02-23 18:44:40+00:00,805.0,0.06,0.03,0.05,-0.010000002,-14.285716,40.0,372,0.143563251953125,False,REGULAR,USD,call
SPY260430C00810000,2026-02-23 17:11:55+00:00,810.0,0.04,0.03,0.05,-0.02,-33.333336,50.0,525,0.148446015625,False,REGULAR,USD,call
SPY260430C00815000,2026-02-23 17:11:56+00:00,815.0,0.04,0.03,0.04,0.0,0.0,50.0,1794,0.149422568359375,False,REGULAR,USD,call
SPY260430C00820000,2026-02-20 14:47:22+00:00,820.0,0.04,0.02,0.04,0.0,0.0,10.0,1751,0.15430533203125002,False,REGULAR,USD,call
SPY260430C00825000,2026-02-23 14:30:00+00:00,825.0,0.02,0.02,0.04,-0.02,-50.0,2.0,509,0.15869981933593752,False,REGULAR,USD,call
SPY260430C00830000,2026-02-23 14:31:13+00:00,830.0,0.03,0.02,0.03,0.0,0.0,25.0,10334,0.159188095703125,False,REGULAR,USD,call
SPY260430C00835000,2026-02-04 16:43:45+00:00,835.0,0.05,0.01,0.03,0.0,0.0,180.0,181,0.16309430664062502,False,REGULAR,USD,call
SPY260430C00840000,2026-02-18 17:24:12+00:00,840.0,0.03,0.01,0.03,0.0,0.0,298.0,298,0.16797707031250003,False,REGULAR,USD,call
SPY260430C00845000,2026-01-21 14:43:20+00:00,845.0,0.05,0.01,0.03,0.0,0.0,,3,0.17188328125000002,False,REGULAR,USD,call
SPY260430C00850000,2026-01-12 17:45:35+00:00,850.0,0.1,0.03,0.05,0.0,0.0,2.0,5,0.18457846679687498,False,REGULAR,USD,call
SPY260430C00860000,2026-01-20 18:14:59+00:00,860.0,0.05,0.01,0.02,0.0,0.0,25.0,25,0.17774259765625,False,REGULAR,USD,call
SPY260430C00880000,2026-02-18 18:54:37+00:00,880.0,0.02,0.0,0.02,0.0,0.0,4.0,14,0.19336744140625,False,REGULAR,USD,call
SPY260430C00885000,2026-01-23 15:00:54+00:00,885.0,0.04,0.0,0.02,0.0,0.0,1.0,1,0.19727365234375,False,REGULAR,USD,call
SPY260430C00890000,2026-02-17 16:50:17+00:00,890.0,0.02,0.0,0.02,0.0,0.0,,1,0.20117986328124998,False,REGULAR,USD,call
SPY260430C00895000,2026-02-17 16:50:19+00:00,895.0,0.02,0.0,0.02,0.0,0.0,1.0,2,0.20508607421874997,False,REGULAR,USD,call
SPY260430C00900000,2026-02-10 19:12:25+00:00,900.0,0.02,0.0,0.02,0.0,0.0,2.0,8,0.20899228515624996,False,REGULAR,USD,call
SPY260430P00430000,2026-02-23 20:18:55+00:00,430.0,0.59,0.56,0.57,0.049999952,9.25925,81.0,3420,0.4919484399414063,False,REGULAR,USD,put
SPY260430P00435000,2026-02-23 20:14:59+00:00,435.0,0.63,0.59,0.6,0.089999974,16.66666,34.0,139,0.48438015625,False,REGULAR,USD,put
SPY260430P00440000,2026-02-23 20:23:06+00:00,440.0,0.66,0.62,0.64,-0.01999998,-2.9411736,17.0,239,0.4777884252929688,False,REGULAR,USD,put
SPY260430P00445000,2026-02-23 20:26:30+00:00,445.0,0.69,0.66,0.67,0.07999998,13.114751,5.0,2060,0.4699760034179688,False,REGULAR,USD,put
SPY260430P00450000,2026-02-23 20:54:37+00:00,450.0,0.74,0.69,0.71,0.100000024,15.625003,21.0,16948,0.46289599609375004,False,REGULAR,USD,put
SPY260430P00455000,2026-02-23 19:29:42+00:00,455.0,0.73,0.73,0.75,0.0,0.0,4.0,307,0.4558159887695313,False,REGULAR,USD,put
SPY260430P00460000,2026-02-23 20:54:37+00:00,460.0,0.82,0.77,0.79,0.050000012,6.493508,15.0,505,0.4484918432617187,False,REGULAR,USD,put
SPY260430P00465000,2026-02-23 19:00:11+00:00,465.0,0.81,0.82,0.83,0.06999999,9.459458,18.0,353,0.4409235595703125,False,REGULAR,USD,put
SPY260430P00470000,2026-02-23 15:30:26+00:00,470.0,0.84,0.86,0.88,0.03999996,4.999995,1.0,1857,0.43408769042968753,False,REGULAR,USD,put
SPY260430P00475000,2026-02-23 14:51:18+00:00,475.0,0.81,0.91,0.92,-0.050000012,-5.8139544,1.0,674,0.42639733764648446,False,REGULAR,USD,put
SPY260430P00480000,2026-02-23 17:01:51+00:00,480.0,0.96,0.96,0.97,0.049999952,5.4945,41.0,559,0.41919526123046874,False,REGULAR,USD,put
SPY260430P00485000,2026-02-23 14:30:02+00:00,485.0,0.92,1.01,1.02,0.00999999,1.0989,20.0,652,0.4118711157226562,False,REGULAR,USD,put
SPY260430P00490000,2026-02-23 16:47:41+00:00,490.0,1.08,1.06,1.08,0.110000014,11.340208,11.0,709,0.40491317749023437,False,REGULAR,USD,put
SPY260430P00495000,2026-02-23 16:52:50+00:00,495.0,1.13,1.12,1.14,0.120000005,11.881188,2.0,757,0.3978331701660156,False,REGULAR,USD,put
SPY260430P00500000,2026-02-23 19:36:28+00:00,500.0,1.2,1.18,1.2,0.110000014,10.091744,303.0,2834,0.39063109375,False,REGULAR,USD,put
SPY260430P00505000,2026-02-23 20:04:21+00:00,505.0,1.29,1.25,1.27,0.13999999,12.173912,200.0,304,0.38373419006347653,False,REGULAR,USD,put
SPY260430P00510000,2026-02-23 18:56:12+00:00,510.0,1.31,1.32,1.34,-0.1400001,-9.655179,26.0,799,0.37665418273925777,False,REGULAR,USD,put
SPY260430P00515000,2026-02-23 15:04:38+00:00,515.0,1.34,1.39,1.41,0.110000014,8.94309,6.0,273,0.36939107177734376,False,REGULAR,USD,put
SPY260430P00520000,2026-02-23 15:01:33+00:00,520.0,1.45,1.47,1.49,0.110000014,8.208957,13.0,684,0.36237209899902345,False,REGULAR,USD,put
SPY260430P00525000,2026-02-23 16:22:52+00:00,525.0,1.59,1.56,1.58,0.17000008,11.971837,2.0,459,0.35559726440429684,False,REGULAR,USD,put
SPY260430P00530000,2026-02-20 15:41:31+00:00,530.0,1.6,1.65,1.68,0.0,0.0,17.0,1436,0.3490055334472656,False,REGULAR,USD,put
SPY260430P00535000,2026-02-23 17:11:20+00:00,535.0,1.79,1.76,1.78,0.18999994,11.874996,1.0,467,0.3421086297607422,False,REGULAR,USD,put
SPY260430P00540000,2026-02-23 19:17:37+00:00,540.0,1.88,1.87,1.89,0.029999971,1.62162,3.0,1218,0.33539482971191403,False,REGULAR,USD,put
SPY260430P00545000,2026-02-23 16:34:33+00:00,545.0,2.0,1.99,2.01,-0.22000003,-9.909911,3.0,678,0.32874206420898433,False,REGULAR,USD,put
SPY260430P00550000,2026-02-23 20:59:44+00:00,550.0,2.2,2.12,2.14,0.31000006,16.402119,355.0,25902,0.3221503332519531,False,REGULAR,USD,put
SPY260430P00555000,2026-02-23 20:57:06+00:00,555.0,2.4,2.26,2.29,0.42000008,21.212126,2.0,1379,0.315863775024414,False,REGULAR,USD,put
SPY260430P00560000,2026-02-23 20:13:27+00:00,560.0,2.6,2.42,2.45,0.19999981,8.333325,15.0,723,0.30951618225097655,False,REGULAR,USD,put
SPY260430P00565000,2026-02-23 20:15:26+00:00,565.0,2.77,2.6,2.62,0.44000006,18.884125,11.0,239,0.3031075549316406,False,REGULAR,USD,put
SPY260430P00570000,2026-02-23 15:44:13+00:00,570.0,2.77,2.79,2.82,0.29999995,12.145747,1.0,509,0.2971261694335937,False,REGULAR,USD,put
SPY260430P00575000,2026-02-23 17:34:42+00:00,575.0,3.15,3.0,3.03,0.5,18.867924,4.0,816,0.29099219757080075,False,REGULAR,USD,put
SPY260430P00580000,2026-02-23 19:36:29+00:00,580.0,3.37,3.23,3.26,0.5,17.421604,47.0,6673,0.284888742980957,False,REGULAR,USD,put
SPY260430P00585000,2026-02-23 15:36:46+00:00,585.0,3.45,3.48,3.51,0.4000001,13.114757,4.0,755,0.2787852883911133,False,REGULAR,USD,put
SPY260430P00590000,2026-02-23 21:01:55+00:00,590.0,3.84,3.76,3.79,0.6199999,19.254654,40.0,713,0.27283442016601556,False,REGULAR,USD,put
SPY260430P00595000,2026-02-23 18:59:28+00:00,595.0,4.15,4.06,4.1,0.5600002,15.598891,17.0,481,0.26697510375976563,False,REGULAR,USD,put
SPY260430P00600000,2026-02-23 21:02:52+00:00,600.0,4.5,4.4,4.43,0.74,19.680851,44.0,8105,0.2609632009887696,False,REGULAR,USD,put
SPY260430P00605000,2026-02-23 18:42:29+00:00,605.0,4.63,4.77,4.8,0.5,12.106537,32.0,1324,0.25510388458251965,False,REGULAR,USD,put
SPY260430P00610000,2026-02-23 20:55:06+00:00,610.0,5.54,5.17,5.21,1.0999999,24.774773,816.0,7365,0.24930560272216795,False,REGULAR,USD,put
SPY260430P00611000,2026-02-20 15:14:58+00:00,611.0,5.17,5.26,5.3,0.0,0.0,14.0,58,0.24820698089599608,False,REGULAR,USD,put
SPY260430P00612000,2026-02-23 20:58:22+00:00,612.0,5.6,5.35,5.39,0.90999985,19.40298,3.0,28,0.247077841796875,False,REGULAR,USD,put
SPY260430P00613000,2026-02-23 17:06:02+00:00,613.0,5.58,5.44,5.47,0.50999975,10.059167,3.0,171,0.24576559906005857,False,REGULAR,USD,put
SPY260430P00614000,2026-02-23 16:25:46+00:00,614.0,5.67,5.53,5.57,0.8800001,18.37161,8.0,83,0.2447280117797852,False,REGULAR,USD,put
SPY260430P00615000,2026-02-23 20:07:35+00:00,615.0,5.99,5.62,5.66,1.0999999,22.494886,45.0,1019,0.24350732086181642,False,REGULAR,USD,put
SPY260430P00616000,2026-02-23 19:05:45+00:00,616.0,5.83,5.71,5.75,0.049999714,0.8650469,1.0,57,0.24225611267089842,False,REGULAR,USD,put
SPY260430P00617000,2026-02-19 17:12:51+00:00,617.0,6.0,5.81,5.85,0.0,0.0,3.0,63,0.24115749084472654,False,REGULAR,USD,put
SPY260430P00618000,2026-02-23 18:05:16+00:00,618.0,5.96,5.91,5.95,0.72000027,13.740464,59.0,75,0.2399978344726562,False,REGULAR,USD,put
SPY260430P00619000,2026-02-23 16:04:29+00:00,619.0,6.45,6.01,6.05,1.2799997,24.758215,5.0,209,0.23883817810058594,False,REGULAR,USD,put
SPY260430P00620000,2026-02-23 20:12:07+00:00,620.0,6.55,6.11,6.15,1.29,24.524714,84.0,8383,0.23763274581909177,False,REGULAR,USD,put
SPY260430P00621000,2026-02-23 17:04:21+00:00,621.0,6.44,6.22,6.26,0.8699999,15.619387,11.0,212,0.2365493826293945,False,REGULAR,USD,put
SPY260430P00622000,2026-02-18 19:38:10+00:00,622.0,6.15,6.32,6.36,0.0,0.0,5.0,179,0.23529817443847656,False,REGULAR,USD,put
SPY260430P00623000,2026-02-20 15:44:07+00:00,623.0,5.76,6.43,6.47,0.0,0.0,13.0,36,0.23413851806640623,False,REGULAR,USD,put
SPY260430P00624000,2026-02-23 17:54:13+00:00,624.0,6.73,6.54,6.58,1.21,21.92029,30.0,256,0.23297886169433596,False,REGULAR,USD,put
SPY260430P00625000,2026-02-23 20:14:32+00:00,625.0,7.11,6.66,6.7,1.3600001,23.652176,146.0,633,0.23191075714111326,False,REGULAR,USD,put
SPY260430P00626000,2026-02-19 15:03:42+00:00,626.0,6.5,6.77,6.81,0.0,0.0,1.0,35,0.2306595489501953,False,REGULAR,USD,put
SPY260430P00627000,2026-02-18 18:32:26+00:00,627.0,6.03,6.89,6.93,0.0,0.0,2.0,118,0.2295304098510742,False,REGULAR,USD,put
SPY260430P00628000,2026-02-23 15:35:10+00:00,628.0,6.83,7.0,7.05,0.59000015,9.455131,1.0,164,0.22837075347900393,False,REGULAR,USD,put
SPY260430P00629000,2026-02-23 20:25:35+00:00,629.0,7.51,7.12,7.17,1.4200001,23.316912,32.0,491,0.22718057983398435,False,REGULAR,USD,put
SPY260430P00630000,2026-02-23 20:36:20+00:00,630.0,7.54,7.25,7.29,1.4499998,23.80952,406.0,6702,0.22595988891601562,False,REGULAR,USD,put
SPY260430P00631000,2026-02-23 19:54:15+00:00,631.0,7.75,7.37,7.42,1.4200001,22.43286,2.0,33,0.2248307498168945,False,REGULAR,USD,put
SPY260430P00632000,2026-02-20 17:20:16+00:00,632.0,7.92,7.5,7.55,0.69000006,9.54357,8.0,25,0.22367109344482416,False,REGULAR,USD,put
SPY260430P00633000,2026-02-23 17:57:34+00:00,633.0,7.8,7.63,7.68,-0.009999752,-0.1280378,330.0,261,0.22248091979980467,False,REGULAR,USD,put
SPY260430P00634000,2026-02-20 21:12:59+00:00,634.0,6.54,7.77,7.81,0.0,0.0,3.0,32,0.22124497024536133,False,REGULAR,USD,put
SPY260430P00635000,2026-02-23 20:18:11+00:00,635.0,8.47,7.9,7.95,1.7400002,25.854387,147.0,17063,0.22010057250976559,False,REGULAR,USD,put
SPY260430P00636000,2026-02-23 19:54:15+00:00,636.0,8.43,8.04,8.08,1.6500001,24.336285,20.0,168,0.21881884704589843,False,REGULAR,USD,put
SPY260430P00637000,2026-02-23 14:42:05+00:00,637.0,7.13,8.18,8.22,0.1500001,2.1489985,1.0,84,0.21762867340087888,False,REGULAR,USD,put
SPY260430P00638000,2026-02-23 15:37:27+00:00,638.0,8.01,8.32,8.37,0.8200002,11.404731,1.0,284,0.21649953430175778,False,REGULAR,USD,put
SPY260430P00639000,2026-02-20 15:41:13+00:00,639.0,7.89,8.47,8.51,0.0,0.0,2.0,305,0.21521780883789063,False,REGULAR,USD,put
SPY260430P00640000,2026-02-23 21:01:55+00:00,640.0,8.77,8.62,8.66,1.4800005,20.30179,84.0,16742,0.2140276351928711,False,REGULAR,USD,put
SPY260430P00641000,2026-02-23 20:14:25+00:00,641.0,9.37,8.77,8.81,1.8299999,24.270557,4.0,134,0.21280694427490232,False,REGULAR,USD,put
SPY260430P00642000,2026-02-23 14:42:05+00:00,642.0,7.83,8.92,8.97,-1.7399998,-18.181816,1.0,29,0.2116625465393066,False,REGULAR,USD,put
SPY260430P00643000,2026-02-23 20:12:07+00:00,643.0,9.69,9.08,9.13,0.17999935,1.8927376,1.0,31,0.21048763153076172,False,REGULAR,USD,put
SPY260430P00644000,2026-02-23 20:03:02+00:00,644.0,9.78,9.24,9.29,1.29,15.194346,15.0,139,0.20926694061279294,False,REGULAR,USD,put
SPY260430P00645000,2026-02-23 21:01:55+00:00,645.0,9.58,9.41,9.45,1.7399998,22.193872,205.0,5147,0.20800047378540037,False,REGULAR,USD,put
SPY260430P00646000,2026-02-23 18:30:18+00:00,646.0,9.33,9.57,9.62,-0.40999985,-4.209444,371.0,39,0.20682555877685543,False,REGULAR,USD,put
SPY260430P00647000,2026-02-23 20:12:48+00:00,647.0,10.4,9.74,9.79,1.3499994,14.91712,7.0,154,0.2055896092224121,False,REGULAR,USD,put
SPY260430P00648000,2026-02-23 17:57:20+00:00,648.0,10.18,9.91,9.96,1.6599998,19.483564,3.0,208,0.20432314239501947,False,REGULAR,USD,put
SPY260430P00649000,2026-02-23 18:54:27+00:00,649.0,10.11,10.09,10.14,0.4499998,4.6583834,18.0,145,0.20313296874999998,False,REGULAR,USD,put
SPY260430P00650000,2026-02-23 20:55:01+00:00,650.0,10.97,10.27,10.32,2.2700005,26.091959,327.0,3208,0.20189701919555664,False,REGULAR,USD,put
SPY260430P00651000,2026-02-23 20:46:03+00:00,651.0,10.94,10.45,10.5,1.8999996,21.017696,28.0,211,0.20063055236816402,False,REGULAR,USD,put
SPY260430P00652000,2026-02-23 20:09:24+00:00,652.0,11.25,10.64,10.69,1.1700001,11.607143,58.0,245,0.1994098614501953,False,REGULAR,USD,put
SPY260430P00653000,2026-02-23 19:30:22+00:00,653.0,11.26,10.83,10.88,1.1000004,10.826776,4.0,156,0.19815865325927734,False,REGULAR,USD,put
SPY260430P00654000,2026-02-23 18:47:36+00:00,654.0,10.95,11.03,11.08,0.17000008,1.5769951,4.0,353,0.19696847961425779,False,REGULAR,USD,put
SPY260430P00655000,2026-02-23 21:10:04+00:00,655.0,11.3,11.22,11.28,1.54,15.778688,127.0,33979,0.19571727142333983,False,REGULAR,USD,put
SPY260430P00656000,2026-02-23 17:57:15+00:00,656.0,11.75,11.42,11.48,2.3000002,24.338627,2.0,165,0.19445080459594727,False,REGULAR,USD,put
SPY260430P00657000,2026-02-23 20:38:33+00:00,657.0,12.09,11.63,11.68,1.0600004,9.610159,15.0,238,0.19312330322265625,False,REGULAR,USD,put
SPY260430P00658000,2026-02-18 16:23:17+00:00,658.0,10.07,11.84,11.89,0.0,0.0,2.0,272,0.19185683639526369,False,REGULAR,USD,put
SPY260430P00659000,2026-02-23 17:54:09+00:00,659.0,12.4,12.05,12.11,2.1999998,21.568626,11.0,219,0.1906361454772949,False,REGULAR,USD,put
SPY260430P00660000,2026-02-23 20:33:23+00:00,660.0,12.59,12.27,12.32,2.3500004,22.949223,502.0,4701,0.18927812683105472,False,REGULAR,USD,put
SPY260430P00661000,2026-02-23 18:14:03+00:00,661.0,12.43,12.49,12.55,1.1500006,10.195041,1.0,364,0.18807269454956055,False,REGULAR,USD,put
SPY260430P00662000,2026-02-23 19:08:00+00:00,662.0,12.96,12.72,12.77,2.1999998,20.446095,5.0,274,0.1867146759033203,False,REGULAR,USD,put
SPY260430P00663000,2026-02-23 19:02:00+00:00,663.0,13.16,12.95,13.01,1.54,13.253012,2.0,205,0.18549398498535152,False,REGULAR,USD,put
SPY260430P00664000,2026-02-23 19:11:54+00:00,664.0,13.45,13.19,13.24,1.6599998,14.079727,2.0,408,0.18415122497558595,False,REGULAR,USD,put
SPY260430P00665000,2026-02-23 20:52:02+00:00,665.0,14.0,13.43,13.49,2.7700005,24.666079,251.0,1955,0.18293053405761717,False,REGULAR,USD,put
SPY260430P00666000,2026-02-23 19:09:53+00:00,666.0,13.99,13.67,13.73,2.3400002,20.085838,3.0,240,0.1815572567749023,False,REGULAR,USD,put
SPY260430P00667000,2026-02-23 19:44:55+00:00,667.0,14.7,13.92,13.99,2.6999998,22.499998,5.0,181,0.18033656585693358,False,REGULAR,USD,put
SPY260430P00668000,2026-02-23 20:18:54+00:00,668.0,14.98,14.18,14.24,2.9199991,24.212263,124.0,273,0.17896328857421873,False,REGULAR,USD,put
SPY260430P00669000,2026-02-23 20:16:11+00:00,669.0,15.27,14.44,14.5,3.0500002,24.959085,6.0,183,0.17762052856445312,False,REGULAR,USD,put
SPY260430P00670000,2026-02-23 20:49:00+00:00,670.0,15.16,14.71,14.77,2.92,23.856209,242.0,4399,0.17632354446411136,False,REGULAR,USD,put
SPY260430P00671000,2026-02-23 19:09:29+00:00,671.0,15.35,14.98,15.05,2.4400005,18.900082,4.0,124,0.17505707763671874,False,REGULAR,USD,put
SPY260430P00672000,2026-02-23 19:09:29+00:00,672.0,15.63,15.26,15.33,2.62,20.138355,3.0,351,0.17372957626342772,False,REGULAR,USD,put
SPY260430P00673000,2026-02-23 19:13:11+00:00,673.0,15.86,15.55,15.61,2.5199995,18.89055,8.0,184,0.17235629898071292,False,REGULAR,USD,put
SPY260430P00674000,2026-02-23 19:22:01+00:00,674.0,16.29,15.84,15.91,1.6300011,11.118698,5.0,193,0.17108983215332033,False,REGULAR,USD,put
SPY260430P00675000,2026-02-23 20:55:01+00:00,675.0,16.72,16.14,16.21,3.0699997,22.49084,249.0,1450,0.16977758941650395,False,REGULAR,USD,put
SPY260430P00676000,2026-02-23 19:47:07+00:00,676.0,17.24,16.44,16.51,2.5500002,17.35875,13.0,129,0.1684043121337891,False,REGULAR,USD,put
SPY260430P00677000,2026-02-23 19:31:02+00:00,677.0,17.36,16.76,16.82,2.920001,20.221613,38.0,413,0.16704629348754885,False,REGULAR,USD,put
SPY260430P00678000,2026-02-23 20:44:34+00:00,678.0,17.79,17.07,17.14,3.5200005,24.667137,29.0,298,0.16570353347778322,False,REGULAR,USD,put
SPY260430P00679000,2026-02-23 19:35:58+00:00,679.0,18.13,17.4,17.47,3.1299992,20.866661,24.0,605,0.16440654937744142,False,REGULAR,USD,put
SPY260430P00680000,2026-02-23 21:14:50+00:00,680.0,17.75,17.74,17.8,2.9799995,20.176027,898.0,4433,0.16301801345825195,False,REGULAR,USD,put
SPY260430P00681000,2026-02-23 19:46:00+00:00,681.0,19.03,18.07,18.14,3.4500008,22.143778,61.0,214,0.1616599948120117,False,REGULAR,USD,put
SPY260430P00682000,2026-02-23 21:01:04+00:00,682.0,18.8,18.42,18.49,3.4299994,22.316196,109.0,619,0.16031723480224608,False,REGULAR,USD,put
SPY260430P00683000,2026-02-23 20:59:35+00:00,683.0,19.38,18.78,18.85,3.7199993,23.754786,851.0,993,0.1590049920654297,True,REGULAR,USD,put
SPY260430P00684000,2026-02-23 20:50:46+00:00,684.0,19.9,19.14,19.21,3.459999,21.046223,62.0,246,0.15760119750976562,True,REGULAR,USD,put
SPY260430P00685000,2026-02-23 21:00:43+00:00,685.0,19.85,19.51,19.58,3.3700008,20.449036,349.0,2060,0.15621266159057617,True,REGULAR,USD,put
SPY260430P00686000,2026-02-23 20:34:56+00:00,686.0,20.3,19.89,19.97,3.3999996,20.118341,73.0,287,0.154930936126709,True,REGULAR,USD,put
SPY260430P00687000,2026-02-23 19:59:20+00:00,687.0,21.3,20.28,20.36,3.8999996,22.413792,83.0,364,0.15355765884399414,True,REGULAR,USD,put
SPY260430P00688000,2026-02-23 20:52:50+00:00,688.0,21.6,20.68,20.75,3.92,22.171946,18.0,583,0.15210808837890627,True,REGULAR,USD,put
SPY260430P00689000,2026-02-23 19:48:54+00:00,689.0,21.93,21.08,21.16,4.33,24.602272,46.0,313,0.15076532836914067,True,REGULAR,USD,put
SPY260430P00690000,2026-02-23 21:12:28+00:00,690.0,21.61,21.5,21.58,3.6599998,20.38997,376.0,1852,0.1494073097229004,True,REGULAR,USD,put
SPY260430P00691000,2026-02-23 19:29:42+00:00,691.0,22.77,21.92,22.0,4.200001,22.617128,4.0,329,0.14795773925781253,True,REGULAR,USD,put
SPY260430P00692000,2026-02-20 20:09:03+00:00,692.0,23.56,22.36,22.44,4.4799995,23.480082,1.0,249,0.14661497924804687,True,REGULAR,USD,put
SPY260430P00693000,2026-02-23 16:09:21+00:00,693.0,24.13,22.36,23.39,4.41,22.363085,1.0,974,0.14963618927001954,True,REGULAR,USD,put
SPY260430P00694000,2026-02-20 15:44:30+00:00,694.0,20.46,22.8,23.87,0.0,0.0,2.0,262,0.1484765328979492,True,REGULAR,USD,put
SPY260430P00695000,2026-02-23 20:09:01+00:00,695.0,24.96,23.53,24.04,4.7699986,23.62555,86.0,598,0.14447877014160154,True,REGULAR,USD,put
SPY260430P00696000,2026-02-23 15:16:05+00:00,696.0,23.1,22.93,26.01,2.4400005,11.810265,4.0,216,0.1563805065917969,True,REGULAR,USD,put
SPY260430P00697000,2026-02-23 17:42:00+00:00,697.0,25.77,23.43,26.5,4.74,22.539227,4.0,65,0.1551140397644043,True,REGULAR,USD,put
SPY260430P00698000,2026-02-19 20:34:24+00:00,698.0,25.08,23.81,27.0,0.0,0.0,2.0,53,0.15384757293701173,True,REGULAR,USD,put
SPY260430P00699000,2026-02-23 16:27:19+00:00,699.0,26.0,24.5,27.52,3.7000008,16.591932,2.0,73,0.15265739929199224,True,REGULAR,USD,put
SPY260430P00700000,2026-02-23 19:54:17+00:00,700.0,27.39,25.03,28.04,5.3899994,24.499998,35.0,1172,0.15139093246459961,True,REGULAR,USD,put
SPY260430P00701000,2026-02-17 20:38:19+00:00,701.0,27.26,25.5,28.58,0.0,0.0,1.0,312,0.15020075881958012,True,REGULAR,USD,put
SPY260430P00702000,2026-02-13 18:43:37+00:00,702.0,26.17,25.99,29.13,0.0,0.0,2.0,241,0.14901058517456056,True,REGULAR,USD,put
SPY260430P00703000,2026-02-12 15:43:15+00:00,703.0,22.96,26.56,29.69,0.0,0.0,1.0,69,0.14782041152954106,True,REGULAR,USD,put
SPY260430P00704000,2026-02-20 21:03:23+00:00,704.0,25.31,27.15,30.27,1.3400002,5.590322,1.0,246,0.14670653106689452,True,REGULAR,USD,put
SPY260430P00705000,2026-02-20 18:45:56+00:00,705.0,27.5,27.75,30.86,3.0,12.244898,1.0,115,0.14560790924072264,True,REGULAR,USD,put
SPY260430P00706000,2026-02-23 15:16:17+00:00,706.0,28.28,28.36,31.46,-1.8699989,-6.202318,1.0,9,0.14447877014160154,True,REGULAR,USD,put
SPY260430P00707000,2026-02-20 15:15:53+00:00,707.0,28.54,28.99,32.08,0.0,0.0,1.0,181,0.14347170013427735,True,REGULAR,USD,put
SPY260430P00708000,2026-02-18 15:14:55+00:00,708.0,27.29,29.63,32.71,0.0,0.0,1.0,43,0.14243411285400392,True,REGULAR,USD,put
SPY260430P00709000,2026-02-20 15:05:05+00:00,709.0,28.85,30.29,33.35,0.0,0.0,1.0,16,0.1413965255737305,True,REGULAR,USD,put
SPY260430P00710000,2026-02-23 19:04:17+00:00,710.0,32.8,30.95,34.0,4.549999,16.106192,74.0,165,0.14035893829345703,True,REGULAR,USD,put
SPY260430P00711000,2026-02-04 18:30:08+00:00,711.0,32.83,31.33,34.67,0.0,0.0,1.0,63,0.1394281614685059,True,REGULAR,USD,put
SPY260430P00712000,2026-02-06 18:45:17+00:00,712.0,29.15,31.92,35.36,0.0,0.0,1.0,5,0.13858893646240233,True,REGULAR,USD,put
SPY260430P00713000,2026-02-12 20:18:13+00:00,713.0,33.41,32.61,36.05,0.0,0.0,,2,0.1376429010009766,True,REGULAR,USD,put
SPY260430P00715000,2026-02-20 18:52:17+00:00,715.0,30.57,34.12,37.49,0.0,0.0,50.0,78,0.13610177871704104,True,REGULAR,USD,put
SPY260430P00716000,2026-02-05 15:14:05+00:00,716.0,41.99,34.88,38.22,0.0,0.0,,3,0.13527781234741215,True,REGULAR,USD,put
SPY260430P00717000,2026-02-20 20:49:45+00:00,717.0,32.27,35.57,38.97,0.0,0.0,4.0,4,0.13459117370605472,True,REGULAR,USD,put
SPY260430P00718000,2026-02-19 18:23:33+00:00,718.0,38.48,36.33,39.73,0.0,0.0,,2,0.13388927642822268,True,REGULAR,USD,put
SPY260430P00719000,2026-02-20 15:01:56+00:00,719.0,33.67,37.21,40.5,0.0,0.0,3.0,1,0.1332178964233398,True,REGULAR,USD,put
SPY260430P00720000,2026-02-20 17:50:50+00:00,720.0,36.3,38.0,41.29,0.0,0.0,2.0,23,0.13269910278320313,True,REGULAR,USD,put
SPY260430P00721000,2026-02-20 15:01:56+00:00,721.0,35.17,38.8,42.08,0.0,0.0,3.0,4,0.13205824005126954,True,REGULAR,USD,put
SPY260430P00722000,2026-02-20 19:52:07+00:00,722.0,36.41,39.61,42.89,0.0,0.0,1.0,1,0.13160048095703125,True,REGULAR,USD,put
SPY260430P00723000,2026-02-12 18:44:50+00:00,723.0,40.15,40.42,43.71,0.0,0.0,,0,0.13114272186279297,True,REGULAR,USD,put
SPY260430P00724000,2026-02-12 17:23:05+00:00,724.0,40.97,41.26,44.54,0.0,0.0,1.0,3,0.1307459973144531,True,REGULAR,USD,put
SPY260430P00725000,2026-02-20 16:29:40+00:00,725.0,40.51,42.1,45.38,0.0,0.0,3.0,94,0.1304103073120117,True,REGULAR,USD,put
SPY260430P00726000,2026-01-30 15:36:28+00:00,726.0,36.72,42.95,46.24,0.0,0.0,1.0,12,0.1302577209472656,True,REGULAR,USD,put
SPY260430P00730000,2026-02-12 17:00:32+00:00,730.0,46.5,46.52,49.74,0.0,0.0,1.0,56,0.1297694445800781,True,REGULAR,USD,put
SPY260430P00733000,2026-01-29 15:08:56+00:00,733.0,43.76,49.24,52.46,0.0,0.0,,0,0.13019668640136717,True,REGULAR,USD,put
SPY260430P00735000,2026-01-13 20:27:40+00:00,735.0,43.8,47.64,50.98,0.0,0.0,1.0,4,1.0000000000000003e-05,True,REGULAR,USD,put
SPY260430P00740000,2026-02-03 19:02:59+00:00,740.0,55.15,55.82,59.05,0.0,0.0,1.0,0,0.13388927642822268,True,REGULAR,USD,put
SPY260430P00745000,2025-12-29 16:18:43+00:00,745.0,58.1,52.23,55.45,0.0,0.0,2.0,0,1.0000000000000003e-05,True,REGULAR,USD,put
SPY260430P00750000,2026-02-03 18:26:55+00:00,750.0,63.38,65.93,68.99,0.0,0.0,1.0,0,0.14881222290039062,True,REGULAR,USD,put
SPY260430P00755000,2026-02-12 14:56:52+00:00,755.0,62.0,70.75,73.99,0.0,0.0,,0,0.15674671386718753,True,REGULAR,USD,put
SPY260430P00760000,2026-02-06 19:13:36+00:00,760.0,70.93,75.75,78.99,0.0,0.0,2.0,3,0.16449810119628905,True,REGULAR,USD,put
SPY260430P00765000,2026-02-03 20:56:06+00:00,765.0,75.58,80.75,83.99,0.0,0.0,3.0,0,0.17212741943359378,True,REGULAR,USD,put
SPY260430P00800000,2026-01-30 15:47:27+00:00,800.0,105.57,115.75,118.99,0.0,0.0,1.0,0,0.22260298889160152,True,REGULAR,USD,put
SPY260430P00810000,2025-11-04 14:37:04+00:00,810.0,134.0,118.12,121.8,0.0,0.0,,0,1.0000000000000003e-05,True,REGULAR,USD,put
