contractSymbol,lastTradeDate,strike,lastPrice,bid,ask,change,percentChange,volume,openInterest,impliedVolatility,inTheMoney,contractSize,currency,type
SPY280616C00050000,2026-04-08 14:18:09+00:00,50.0,625.51,687.0,691.5,0.0,0.0,2.0,3,0.9567875415039062,True,REGULAR,USD,call
SPY280616C00055000,2026-04-15 16:51:51+00:00,55.0,642.04,682.0,686.5,0.0,0.0,1.0,1,0.918946123046875,True,REGULAR,USD,call
SPY280616C00060000,2026-04-15 16:51:51+00:00,60.0,637.05,677.0,681.5,0.0,0.0,1.0,0,0.8850109155273438,True,REGULAR,USD,call
SPY280616C00065000,2026-03-20 18:41:02+00:00,65.0,584.47,643.55,648.5,0.0,0.0,2.0,0,1.0000000000000003e-05,True,REGULAR,USD,call
SPY280616C00070000,2026-03-27 17:53:29+00:00,70.0,567.09,0.0,0.0,0.0,0.0,1.0,0,1.0000000000000003e-05,True,REGULAR,USD,call
SPY280616C00075000,2026-03-30 17:43:12+00:00,75.0,559.61,0.0,0.0,0.0,0.0,1.0,0,1.0000000000000003e-05,True,REGULAR,USD,call
SPY280616C00080000,2026-03-30 17:43:12+00:00,80.0,554.63,0.0,0.0,0.0,0.0,,0,1.0000000000000003e-05,True,REGULAR,USD,call
SPY280616C00135000,2026-02-09 14:31:09+00:00,135.0,553.94,0.0,0.0,0.0,0.0,44.0,0,1.0000000000000003e-05,True,REGULAR,USD,call
SPY280616C00140000,2026-02-09 15:04:54+00:00,140.0,551.5,0.0,0.0,0.0,0.0,132.0,0,1.0000000000000003e-05,True,REGULAR,USD,call
SPY280616C00155000,2025-12-10 19:40:08+00:00,155.0,531.5,535.56,540.0,0.0,0.0,,1,1.0000000000000003e-05,True,REGULAR,USD,call
SPY280616C00160000,2025-12-23 15:49:54+00:00,160.0,528.53,531.0,535.5,0.0,0.0,21.0,41,1.0000000000000003e-05,True,REGULAR,USD,call
SPY280616C00165000,2026-01-02 17:58:23+00:00,165.0,518.92,527.0,531.5,0.0,0.0,20.0,10,1.0000000000000003e-05,True,REGULAR,USD,call
SPY280616C00180000,2026-04-17 15:50:10+00:00,180.0,536.35,561.08,565.5,0.0,0.0,6.0,6,0.5440109075927735,True,REGULAR,USD,call
SPY280616C00190000,2026-05-06 18:11:58+00:00,190.0,547.55,552.07,556.5,0.0,0.0,1.0,2,0.5468184967041017,True,REGULAR,USD,call
SPY280616C00195000,2026-01-16 19:52:47+00:00,195.0,502.05,484.0,488.5,0.0,0.0,,1,1.0000000000000003e-05,True,REGULAR,USD,call
SPY280616C00200000,2026-04-17 16:01:22+00:00,200.0,517.25,543.08,547.5,0.0,0.0,7.0,19,0.547001600341797,True,REGULAR,USD,call
SPY280616C00210000,2026-05-05 18:22:09+00:00,210.0,522.04,534.09,538.5,0.0,0.0,1.0,1,0.5452010812377931,True,REGULAR,USD,call
SPY280616C00225000,2025-12-30 19:09:57+00:00,225.0,472.35,473.0,477.0,0.0,0.0,,11,1.0000000000000003e-05,True,REGULAR,USD,call
SPY280616C00250000,2025-12-22 14:38:46+00:00,250.0,445.86,450.84,455.0,0.0,0.0,4.0,4,1.0000000000000003e-05,True,REGULAR,USD,call
SPY280616C00300000,2026-03-17 18:57:33+00:00,300.0,386.99,425.61,430.0,0.0,0.0,2.0,18,1.0000000000000003e-05,True,REGULAR,USD,call
SPY280616C00320000,2026-04-01 18:26:11+00:00,320.0,356.17,0.0,0.0,0.0,0.0,2.0,0,1.0000000000000003e-05,True,REGULAR,USD,call
SPY280616C00340000,2025-12-22 16:27:09+00:00,340.0,368.5,371.76,376.0,0.0,0.0,,1,1.0000000000000003e-05,True,REGULAR,USD,call
SPY280616C00350000,2026-03-05 15:05:52+00:00,350.0,356.37,0.0,0.0,0.0,0.0,2.0,0,1.0000000000000003e-05,True,REGULAR,USD,call
SPY280616C00360000,2026-03-31 13:41:50+00:00,360.0,307.48,0.0,0.0,0.0,0.0,2.0,0,1.0000000000000003e-05,True,REGULAR,USD,call
SPY280616C00365000,2026-03-31 13:43:54+00:00,365.0,303.43,0.0,0.0,0.0,0.0,1.0,0,1.0000000000000003e-05,True,REGULAR,USD,call
SPY280616C00370000,2026-02-25 15:20:32+00:00,370.0,344.0,0.0,0.0,0.0,0.0,1.0,0,1.0000000000000003e-05,True,REGULAR,USD,call
SPY280616C00375000,2026-03-31 13:44:45+00:00,375.0,294.22,0.0,0.0,0.0,0.0,3.0,0,1.0000000000000003e-05,True,REGULAR,USD,call
SPY280616C00380000,2025-12-16 20:02:25+00:00,380.0,327.23,337.41,342.0,0.0,0.0,,1,1.0000000000000003e-05,True,REGULAR,USD,call
SPY280616C00385000,2025-12-11 14:59:36+00:00,385.0,328.0,333.15,337.5,0.0,0.0,,66,1.0000000000000003e-05,True,REGULAR,USD,call
SPY280616C00390000,2026-04-14 13:46:10+00:00,390.0,328.65,374.62,379.0,0.0,0.0,,0,0.4519097778320313,True,REGULAR,USD,call
SPY280616C00395000,2026-01-05 17:03:00+00:00,395.0,324.75,324.55,329.0,0.0,0.0,,9,1.0000000000000003e-05,True,REGULAR,USD,call
SPY280616C00400000,2026-04-30 19:09:49+00:00,400.0,348.6,365.95,370.5,0.0,0.0,1.0,378,0.4459131336975098,True,REGULAR,USD,call
SPY280616C00405000,2026-04-14 13:51:20+00:00,405.0,316.63,361.63,366.0,0.0,0.0,2.0,8,0.44156442230224613,True,REGULAR,USD,call
SPY280616C00410000,2026-04-15 18:02:23+00:00,410.0,320.8,357.32,362.0,0.0,0.0,13.0,18,0.4397715325164795,True,REGULAR,USD,call
SPY280616C00415000,2026-01-05 19:32:09+00:00,415.0,306.84,307.65,312.5,0.0,0.0,,1,1.0000000000000003e-05,True,REGULAR,USD,call
SPY280616C00420000,2026-04-23 18:02:31+00:00,420.0,320.64,348.73,353.0,0.0,0.0,1.0,5,0.4310664804077149,True,REGULAR,USD,call
SPY280616C00425000,2026-01-05 19:32:09+00:00,425.0,298.42,299.28,304.0,0.0,0.0,1.0,29,1.0000000000000003e-05,True,REGULAR,USD,call
SPY280616C00430000,2026-03-27 17:17:45+00:00,430.0,250.0,0.0,0.0,0.0,0.0,1.0,0,1.0000000000000003e-05,True,REGULAR,USD,call
SPY280616C00435000,2026-04-09 15:39:43+00:00,435.0,279.29,335.91,340.0,0.0,0.0,1.0,25,0.42044646942138675,True,REGULAR,USD,call
SPY280616C00440000,2026-05-06 19:01:44+00:00,440.0,328.0,331.66,336.5,0.0,0.0,2.0,1,0.42069060760498045,True,REGULAR,USD,call
SPY280616C00445000,2026-03-09 20:12:03+00:00,445.0,269.0,299.86,304.5,0.0,0.0,,0,0.26976743423461913,True,REGULAR,USD,call
SPY280616C00450000,2026-05-08 19:19:35+00:00,450.0,323.5,323.19,328.0,0.0,0.0,2.0,33,0.41414465255737304,True,REGULAR,USD,call
SPY280616C00455000,2026-03-09 14:53:58+00:00,455.0,253.64,291.49,296.0,0.0,0.0,1.0,3,0.27033200378417965,True,REGULAR,USD,call
SPY280616C00460000,2026-05-07 18:32:51+00:00,460.0,312.0,314.77,319.0,0.0,0.0,1.0,3,0.40537093658447265,True,REGULAR,USD,call
SPY280616C00465000,2026-04-27 15:37:09+00:00,465.0,287.99,310.57,315.0,0.0,0.0,2.0,4,0.40312028770446773,True,REGULAR,USD,call
SPY280616C00470000,2026-03-27 16:31:50+00:00,470.0,220.89,0.0,0.0,0.0,0.0,1.0,0,1.0000000000000003e-05,True,REGULAR,USD,call
SPY280616C00475000,2026-05-08 17:36:07+00:00,475.0,303.0,302.22,307.0,0.0,0.0,1.0,35,0.39845877426147464,True,REGULAR,USD,call
SPY280616C00480000,2026-05-06 16:09:51+00:00,480.0,290.54,298.06,302.5,0.0,0.0,1.0,1,0.39404139900207524,True,REGULAR,USD,call
SPY280616C00485000,2026-05-01 14:39:31+00:00,485.0,282.5,293.91,298.0,0.0,0.0,1.0,26,0.3896392823791504,True,REGULAR,USD,call
SPY280616C00490000,2026-05-01 14:15:03+00:00,490.0,278.17,289.78,294.5,0.0,0.0,1.0,8,0.38915863533020023,True,REGULAR,USD,call
SPY280616C00495000,2026-05-01 14:22:33+00:00,495.0,273.0,285.66,290.0,0.0,0.0,1.0,1,0.3847336307525635,True,REGULAR,USD,call
SPY280616C00500000,2026-05-11 14:23:10+00:00,500.0,283.68,281.55,285.5,5.380005,1.9331675,2.0,73,0.3803086261749268,True,REGULAR,USD,call
SPY280616C00505000,2026-04-27 19:46:26+00:00,505.0,256.03,277.45,281.5,0.0,0.0,2.0,3,0.37777569252014154,True,REGULAR,USD,call
SPY280616C00510000,2026-05-01 17:33:47+00:00,510.0,260.2,273.38,277.5,0.0,0.0,1.0,4,0.37520461227416996,True,REGULAR,USD,call
SPY280616C00515000,2026-05-05 14:15:04+00:00,515.0,255.99,269.31,274.0,0.0,0.0,1.0,5,0.37440353385925285,True,REGULAR,USD,call
SPY280616C00520000,2026-04-17 14:51:18+00:00,520.0,241.28,265.26,269.5,0.0,0.0,1.0,10,0.36993275337219234,True,REGULAR,USD,call
SPY280616C00525000,2026-05-01 17:09:34+00:00,525.0,247.25,261.22,265.5,0.0,0.0,1.0,1,0.3672472333526612,True,REGULAR,USD,call
SPY280616C00530000,2026-04-29 15:11:44+00:00,530.0,233.18,257.2,261.5,0.0,0.0,2.0,42,0.36451593742370614,True,REGULAR,USD,call
SPY280616C00535000,2026-04-22 19:19:23+00:00,535.0,229.0,253.2,257.5,0.0,0.0,10.0,11,0.36175412422180175,True,REGULAR,USD,call
SPY280616C00540000,2026-05-06 19:50:21+00:00,540.0,246.0,249.21,253.5,0.0,0.0,7.0,14,0.35896179374694825,True,REGULAR,USD,call
SPY280616C00545000,2026-05-05 18:12:42+00:00,545.0,233.81,245.23,249.5,0.0,0.0,11.0,12,0.3561313166809082,True,REGULAR,USD,call
SPY280616C00550000,2026-05-06 15:06:15+00:00,550.0,236.8,241.27,245.5,0.0,0.0,1.0,158,0.3532665076828002,True,REGULAR,USD,call
SPY280616C00555000,2026-03-24 16:06:56+00:00,555.0,169.17,0.0,0.0,0.0,0.0,1.0,0,1.0000000000000003e-05,True,REGULAR,USD,call
SPY280616C00560000,2026-05-08 17:12:51+00:00,560.0,233.11,233.41,238.0,0.0,0.0,1.0,5,0.34905893867492677,True,REGULAR,USD,call
SPY280616C00565000,2026-04-30 18:10:20+00:00,565.0,212.19,229.5,233.5,0.0,0.0,8.0,7,0.3444851623916626,True,REGULAR,USD,call
SPY280616C00570000,2026-04-28 13:44:45+00:00,570.0,204.5,225.61,229.5,0.0,0.0,1.0,9,0.34149828430175777,True,REGULAR,USD,call
SPY280616C00575000,2026-05-08 16:42:55+00:00,575.0,220.95,221.74,226.0,0.0,0.0,1.0,12,0.34003345520019534,True,REGULAR,USD,call
SPY280616C00580000,2026-05-07 15:58:15+00:00,580.0,215.5,217.89,222.0,0.0,0.0,1.0,11,0.33696646926879886,True,REGULAR,USD,call
SPY280616C00585000,2026-05-11 14:38:23+00:00,585.0,215.38,214.06,218.0,6.830002,3.2749949,1.0,11,0.33386896606445315,True,REGULAR,USD,call
SPY280616C00590000,2026-05-11 14:38:23+00:00,590.0,211.72,210.24,214.0,1.9700012,0.93921393,1.0,29,0.3307409455871582,True,REGULAR,USD,call
SPY280616C00595000,2026-04-15 15:37:46+00:00,595.0,172.0,206.44,210.5,0.0,0.0,2.0,16,0.32907393955230707,True,REGULAR,USD,call
SPY280616C00600000,2026-05-11 16:43:25+00:00,600.0,205.0,202.67,206.5,2.100006,1.0349957,1.0,366,0.3258734405517578,True,REGULAR,USD,call
SPY280616C00605000,2026-04-16 19:21:17+00:00,605.0,168.6,198.91,203.0,0.0,0.0,1.0,8,0.32409580940246574,True,REGULAR,USD,call
SPY280616C00610000,2026-05-11 16:07:33+00:00,610.0,195.29,195.17,199.0,1.8699951,0.96680546,13.0,64,0.32082283187866206,True,REGULAR,USD,call
SPY280616C00615000,2026-05-11 14:23:10+00:00,615.0,193.56,191.45,195.5,60.380005,45.337143,2.0,5,0.3189460195922851,True,REGULAR,USD,call
SPY280616C00620000,2026-05-05 17:26:26+00:00,620.0,176.4,187.75,191.5,0.0,0.0,2.0,141,0.31560056354522703,True,REGULAR,USD,call
SPY280616C00625000,2026-04-28 15:13:48+00:00,625.0,163.0,184.08,188.5,0.0,0.0,1.0,72,0.3150245500183105,True,REGULAR,USD,call
SPY280616C00630000,2026-05-01 19:41:46+00:00,630.0,182.94,180.42,184.5,15.139999,9.022646,6.0,23,0.3115913568115234,True,REGULAR,USD,call
SPY280616C00635000,2026-05-07 19:24:02+00:00,635.0,171.01,176.78,180.5,0.0,0.0,3.0,334,0.3081352756500244,True,REGULAR,USD,call
SPY280616C00640000,2026-05-08 17:57:22+00:00,640.0,173.4,173.17,177.0,0.0,0.0,1.0,50,0.30600288120269775,True,REGULAR,USD,call
SPY280616C00645000,2026-05-06 14:22:48+00:00,645.0,163.26,169.57,173.5,0.0,0.0,1.0,40,0.3038170815277099,True,REGULAR,USD,call
SPY280616C00650000,2026-05-11 16:25:03+00:00,650.0,169.0,166.0,170.0,4.1799927,2.5360954,2.0,229,0.30158169128417966,True,REGULAR,USD,call
SPY280616C00655000,2026-05-07 15:21:38+00:00,655.0,161.0,162.45,166.5,0.0,0.0,2.0,38,0.29929289581298824,True,REGULAR,USD,call
SPY280616C00660000,2026-04-27 18:06:41+00:00,660.0,140.59,158.92,162.5,0.0,0.0,35.0,224,0.29563845237731934,True,REGULAR,USD,call
SPY280616C00665000,2026-05-06 15:54:26+00:00,665.0,150.79,155.41,159.0,0.0,0.0,6.0,106,0.29325047576904284,True,REGULAR,USD,call
SPY280616C00670000,2026-05-06 13:55:43+00:00,670.0,145.53,151.93,156.0,0.0,0.0,2.0,65,0.2921060780334472,True,REGULAR,USD,call
SPY280616C00675000,2026-04-29 19:50:46+00:00,675.0,128.1,148.47,152.5,0.0,0.0,4.0,56,0.2896036616516113,True,REGULAR,USD,call
SPY280616C00680000,2026-05-11 18:21:00+00:00,680.0,148.5,145.03,149.0,3.6900024,2.5481682,210.0,274,0.2870516547012329,True,REGULAR,USD,call
SPY280616C00685000,2026-05-08 19:58:17+00:00,685.0,141.5,141.61,145.5,0.0,0.0,3.0,230,0.2844462425231933,True,REGULAR,USD,call
SPY280616C00690000,2026-05-11 18:21:01+00:00,690.0,141.68,138.22,142.0,4.8099976,3.514282,10.0,121,0.2817912397766113,True,REGULAR,USD,call
SPY280616C00695000,2026-05-11 20:02:29+00:00,695.0,137.51,134.85,138.5,2.2399902,1.65594,10.0,162,0.27908283180236815,True,REGULAR,USD,call
SPY280616C00700000,2026-05-11 16:51:37+00:00,700.0,134.39,131.51,135.5,2.3899994,1.8106056,4.0,258,0.27755696815490727,True,REGULAR,USD,call
SPY280616C00705000,2026-05-08 15:23:54+00:00,705.0,128.13,128.19,132.0,0.0,0.0,1.0,268,0.2747303057479858,True,REGULAR,USD,call
SPY280616C00710000,2026-05-11 15:38:54+00:00,710.0,129.0,124.9,128.5,3.6500015,2.911848,14.0,78,0.27185405277252195,True,REGULAR,USD,call
SPY280616C00715000,2026-05-08 17:00:30+00:00,715.0,121.38,121.63,125.5,0.0,0.0,2.0,245,0.27013745616912843,True,REGULAR,USD,call
SPY280616C00720000,2026-05-07 15:09:26+00:00,720.0,116.65,118.39,122.0,0.0,0.0,1.0,89,0.2671429487609864,True,REGULAR,USD,call
SPY280616C00725000,2026-05-04 13:59:18+00:00,725.0,103.18,115.17,119.5,0.0,0.0,1.0,68,0.26650208602905273,True,REGULAR,USD,call
SPY280616C00730000,2026-05-11 14:56:53+00:00,730.0,113.92,111.99,116.0,3.0099945,2.7139072,1.0,203,0.2633816948699951,True,REGULAR,USD,call
SPY280616C00735000,2026-05-08 16:34:33+00:00,735.0,109.19,108.84,112.5,0.0,0.0,2.0,322,0.260200269165039,True,REGULAR,USD,call
SPY280616C00740000,2026-05-11 13:30:02+00:00,740.0,105.67,105.72,109.5,-0.33000183,-0.31132248,1.0,39,0.2581556118774414,False,REGULAR,USD,call
SPY280616C00745000,2026-04-30 16:16:30+00:00,745.0,86.58,102.63,106.5,0.0,0.0,1.0,104,0.2560346614074707,False,REGULAR,USD,call
SPY280616C00750000,2026-05-11 18:28:48+00:00,750.0,102.58,99.58,103.5,3.0800018,3.0954792,8.0,299,0.25384886173248294,False,REGULAR,USD,call
SPY280616C00755000,2026-05-07 19:46:59+00:00,755.0,92.2,96.56,100.5,0.0,0.0,1.0,238,0.2515867688751221,False,REGULAR,USD,call
SPY280616C00760000,2026-05-08 17:27:56+00:00,760.0,94.3,93.58,98.0,0.0,0.0,2.0,509,0.250434741821289,False,REGULAR,USD,call
SPY280616C00765000,2026-05-04 16:40:58+00:00,765.0,79.44,90.63,95.0,0.0,0.0,1.0,228,0.2480276919174194,False,REGULAR,USD,call
SPY280616C00770000,2026-05-08 18:04:21+00:00,770.0,88.4,87.73,92.5,0.0,0.0,1.0,88,0.2467192638397217,False,REGULAR,USD,call
SPY280616C00775000,2026-05-08 19:44:31+00:00,775.0,84.98,84.86,89.0,0.0,0.0,12.0,61,0.24299234188079832,False,REGULAR,USD,call
SPY280616C00780000,2026-05-07 15:11:54+00:00,780.0,80.52,82.04,86.5,0.0,0.0,14.0,404,0.2415313274383545,False,REGULAR,USD,call
SPY280616C00785000,2026-05-11 14:25:38+00:00,785.0,81.2,79.26,84.0,11.329994,16.21582,177.0,185,0.23998639049530024,False,REGULAR,USD,call
SPY280616C00790000,2026-05-08 19:27:57+00:00,790.0,76.8,76.52,81.0,0.0,0.0,1.0,37,0.23719406002044674,False,REGULAR,USD,call
SPY280616C00795000,2026-05-11 14:25:38+00:00,795.0,75.6,73.83,78.5,29.199997,62.931026,189.0,4,0.23548890739440917,False,REGULAR,USD,call
SPY280616C00800000,2026-05-11 19:47:06+00:00,800.0,73.55,73.47,73.78,2.1900024,3.0689497,3.0,2043,0.2285004518890381,False,REGULAR,USD,call
SPY280616C00805000,2026-04-23 17:43:23+00:00,805.0,50.03,70.87,71.18,0.0,0.0,16.0,217,0.22638331607818601,False,REGULAR,USD,call
SPY280616C00810000,2026-05-07 19:57:55+00:00,810.0,62.66,68.33,68.64,0.0,0.0,3.0,165,0.22431958549499506,False,REGULAR,USD,call
SPY280616C00815000,2026-05-08 19:37:37+00:00,815.0,63.76,65.83,66.14,0.0,0.0,61.0,348,0.22225966957092283,False,REGULAR,USD,call
SPY280616C00820000,2026-04-27 14:25:37+00:00,820.0,47.62,63.38,63.68,0.0,0.0,1.0,178,0.22019975364685054,False,REGULAR,USD,call
SPY280616C00825000,2026-05-06 19:10:29+00:00,825.0,56.85,60.99,61.29,0.0,0.0,4.0,45,0.21821231624603266,False,REGULAR,USD,call
SPY280616C00830000,2026-05-07 14:29:54+00:00,830.0,54.75,58.64,58.94,0.0,0.0,1.0,20,0.21622106418609616,False,REGULAR,USD,call
SPY280616C00835000,2026-05-01 17:00:47+00:00,835.0,45.43,56.35,56.65,0.0,0.0,16.0,3200,0.2142794026947021,False,REGULAR,USD,call
SPY280616C00840000,2026-05-11 13:30:03+00:00,840.0,52.13,54.11,54.41,0.88000107,1.7170752,1.0,299,0.21235681449890134,False,REGULAR,USD,call
SPY280616C00845000,2026-05-08 15:54:47+00:00,845.0,50.15,51.93,52.23,0.0,0.0,1.0,162,0.21048000221252441,False,REGULAR,USD,call
SPY280616C00850000,2026-05-11 14:30:19+00:00,850.0,49.28,49.8,50.09,2.7999992,6.024095,1.0,5093,0.20859556060791012,False,REGULAR,USD,call
SPY280616C00855000,2026-04-20 13:39:56+00:00,855.0,32.0,47.73,48.02,0.0,0.0,1.0,91,0.2067797828674316,False,REGULAR,USD,call
SPY280616C00860000,2026-05-11 17:54:20+00:00,860.0,46.38,45.72,46.01,5.540001,13.565135,3.0,76,0.20500596637725826,False,REGULAR,USD,call
SPY280616C00865000,2026-05-08 20:13:00+00:00,865.0,42.16,43.76,44.05,0.0,0.0,24.0,96,0.2032512231826782,False,REGULAR,USD,call
SPY280616C00870000,2026-05-11 17:54:20+00:00,870.0,42.43,41.86,42.14,10.060001,31.078163,2.0,74,0.20151555328369142,False,REGULAR,USD,call
SPY280616C00875000,2026-05-08 19:40:54+00:00,875.0,38.26,40.02,40.3,0.0,0.0,3.0,932,0.19984473258972169,False,REGULAR,USD,call
SPY280616C00880000,2026-05-11 16:08:43+00:00,880.0,38.42,38.24,38.51,3.6699982,10.561146,2.0,149,0.1981929851913452,False,REGULAR,USD,call
SPY280616C00885000,2026-05-08 19:40:54+00:00,885.0,34.84,36.51,36.78,0.0,0.0,3.0,6,0.19658701370239257,False,REGULAR,USD,call
SPY280616C00890000,2026-05-11 15:39:52+00:00,890.0,34.93,34.84,35.11,1.6800003,5.0526323,1.0,333,0.1950230034637451,False,REGULAR,USD,call
SPY280616C00895000,2026-05-07 16:45:10+00:00,895.0,29.59,33.23,33.5,0.0,0.0,1.0,38,0.19351239845275878,False,REGULAR,USD,call
SPY280616C00900000,2026-05-11 16:41:29+00:00,900.0,32.01,31.67,31.94,2.039999,6.8068037,168.0,1577,0.1920170520782471,False,REGULAR,USD,call
SPY280616C00905000,2026-05-11 18:59:02+00:00,905.0,30.32,30.18,30.44,4.699999,18.345037,1.0,152,0.1905751109313965,False,REGULAR,USD,call
SPY280616C00910000,2026-05-08 19:50:05+00:00,910.0,27.34,28.74,29.0,0.0,0.0,1.0,21,0.18917894569396973,False,REGULAR,USD,call
SPY280616C00915000,2026-05-08 19:22:42+00:00,915.0,25.97,27.35,27.61,0.0,0.0,128.0,125,0.18781329772949218,False,REGULAR,USD,call
SPY280616C00920000,2026-05-11 14:53:05+00:00,920.0,25.92,26.02,26.28,3.5300007,15.76597,62.0,10,0.1865048696517944,False,REGULAR,USD,call
SPY280616C00925000,2026-05-06 14:52:20+00:00,925.0,20.95,24.75,25.0,0.0,0.0,1.0,11,0.18522695884704585,False,REGULAR,USD,call
SPY280616C00930000,2026-05-08 19:09:32+00:00,930.0,22.23,23.52,23.77,0.0,0.0,10.0,58,0.1839833799743652,False,REGULAR,USD,call
SPY280616C00935000,2026-05-11 14:58:00+00:00,935.0,22.32,22.35,22.6,7.6499996,52.147236,2.0,75,0.18280083564758298,False,REGULAR,USD,call
SPY280616C00940000,2026-05-11 14:11:01+00:00,940.0,20.87,21.23,21.48,9.860001,89.554955,1.0,4,0.1816640672302246,False,REGULAR,USD,call
SPY280616C00945000,2026-05-11 13:39:56+00:00,945.0,19.28,20.16,20.41,0.40000153,2.1186523,1.0,234,0.18056544540405273,False,REGULAR,USD,call
SPY280616C00950000,2026-05-08 16:11:19+00:00,950.0,18.0,19.14,19.38,0.0,0.0,7.0,69,0.17948971153259277,False,REGULAR,USD,call
SPY280616C00955000,2026-05-07 16:15:03+00:00,955.0,15.64,18.17,18.4,0.0,0.0,1.0,5,0.17845975357055666,False,REGULAR,USD,call
SPY280616C00960000,2026-04-15 16:51:51+00:00,960.0,7.7,17.22,17.47,0.0,0.0,1.0,22,0.17748320083618163,False,REGULAR,USD,call
SPY280616C00965000,2026-05-08 15:51:16+00:00,965.0,15.3,16.35,16.58,0.0,0.0,1.0,87,0.1765371653747559,False,REGULAR,USD,call
SPY280616C00970000,2026-05-07 16:15:03+00:00,970.0,13.22,15.51,15.73,0.0,0.0,1.0,247,0.175614017868042,False,REGULAR,USD,call
SPY280616C00975000,2026-05-04 16:08:01+00:00,975.0,9.24,14.71,14.92,0.0,0.0,40.0,46,0.17472901695251467,False,REGULAR,USD,call
SPY280616C00980000,2026-05-06 19:11:32+00:00,980.0,12.01,13.92,14.15,0.0,0.0,61.0,62,0.17388979194641116,False,REGULAR,USD,call
SPY280616C00985000,2026-03-13 19:13:53+00:00,985.0,4.07,7.02,7.18,0.0,0.0,1.0,8,0.1454858401489258,False,REGULAR,USD,call
SPY280616C00990000,2026-05-06 13:56:22+00:00,990.0,9.75,12.52,12.73,0.0,0.0,5.0,72,0.172333411026001,False,REGULAR,USD,call
SPY280616C00995000,2026-04-30 14:22:03+00:00,995.0,6.55,11.86,12.07,0.0,0.0,1.0,152,0.17159336715698242,False,REGULAR,USD,call
SPY280616C01000000,2026-05-11 15:07:09+00:00,1000.0,11.3,11.24,11.44,0.78999996,7.5166507,3.0,2579,0.17087621124267582,False,REGULAR,USD,call
SPY280616C01005000,2026-04-23 16:47:56+00:00,1005.0,5.56,10.65,10.85,0.0,0.0,27.0,32,0.17022008987426762,False,REGULAR,USD,call
SPY280616C01010000,2026-04-17 18:39:34+00:00,1010.0,5.35,10.09,10.28,0.0,0.0,1.0,3,0.16955633918762208,False,REGULAR,USD,call
SPY280616C01015000,2026-05-01 15:05:10+00:00,1015.0,6.09,9.56,9.75,0.0,0.0,1.0,141,0.16896125236511234,False,REGULAR,USD,call
SPY280616C01020000,2026-04-10 19:05:33+00:00,1020.0,2.7,9.06,9.24,0.0,0.0,4.0,39,0.16836616554260256,False,REGULAR,USD,call
SPY280616C01025000,2026-05-11 14:33:02+00:00,1025.0,8.45,8.58,8.77,4.3999996,108.64196,1.0,0,0.16786263053894046,False,REGULAR,USD,call
SPY280616C01030000,2026-04-17 15:49:24+00:00,1030.0,4.15,8.13,8.31,0.0,0.0,1.0,6,0.16731331962585452,False,REGULAR,USD,call
SPY280616C01040000,2026-04-15 19:55:55+00:00,1040.0,3.13,7.31,7.48,0.0,0.0,1.0,14,0.16639017211914067,False,REGULAR,USD,call
SPY280616C01045000,2026-05-11 18:21:30+00:00,1045.0,7.19,6.93,7.1,2.4,50.10439,40.0,42,0.1659781889343262,False,REGULAR,USD,call
SPY280616C01050000,2026-05-08 14:56:31+00:00,1050.0,6.15,6.57,6.74,0.0,0.0,16.0,133,0.16559672302246098,False,REGULAR,USD,call
SPY280616C01060000,2026-05-01 14:23:49+00:00,1060.0,3.85,5.91,6.07,0.0,0.0,86.0,51,0.1648490498352051,False,REGULAR,USD,call
SPY280616C01070000,2026-05-08 16:28:28+00:00,1070.0,5.01,5.33,5.48,0.0,0.0,4.0,40,0.16425396301269532,False,REGULAR,USD,call
SPY280616C01080000,2026-04-22 13:37:50+00:00,1080.0,2.4,4.81,4.96,0.0,0.0,1.0,2,0.16379620391845706,False,REGULAR,USD,call
SPY280616C01090000,2026-05-06 18:59:54+00:00,1090.0,3.73,4.34,4.49,0.0,0.0,1.0,3,0.16339947937011723,False,REGULAR,USD,call
SPY280616C01100000,2026-05-11 17:11:47+00:00,1100.0,4.11,3.93,4.08,0.2900002,7.591628,25.0,817,0.16315534118652347,False,REGULAR,USD,call
SPY280616C01110000,2026-05-08 15:12:18+00:00,1110.0,3.47,3.57,3.71,0.0,0.0,5.0,22,0.16294172027587894,False,REGULAR,USD,call
SPY280616C01120000,2026-03-30 17:16:13+00:00,1120.0,1.01,0.0,0.0,0.0,0.0,2.0,0,0.062509375,False,REGULAR,USD,call
SPY280616C01130000,2026-04-21 14:36:02+00:00,1130.0,1.66,2.96,3.09,0.0,0.0,2.0,7,0.16283490982055665,False,REGULAR,USD,call
SPY280616C01140000,2026-05-06 14:33:56+00:00,1140.0,2.23,2.7,2.83,0.0,0.0,1.0,3,0.1628959443664551,False,REGULAR,USD,call
SPY280616C01150000,2026-05-08 13:45:57+00:00,1150.0,2.25,2.48,2.6,0.0,0.0,77.0,666,0.16304853073120118,False,REGULAR,USD,call
SPY280616C01160000,2026-05-06 19:23:03+00:00,1160.0,2.09,2.28,2.4,0.0,0.0,1.0,23,0.16333844482421878,False,REGULAR,USD,call
SPY280616C01170000,2026-05-11 13:48:46+00:00,1170.0,2.25,2.11,2.22,0.86,61.870502,6.0,33,0.1636741348266602,False,REGULAR,USD,call
SPY280616C01180000,2026-05-08 19:17:51+00:00,1180.0,2.03,1.95,2.05,0.0,0.0,1.0,22,0.16394879028320314,False,REGULAR,USD,call
SPY280616C01190000,2026-05-07 14:08:25+00:00,1190.0,1.75,1.81,1.9,0.0,0.0,2.0,200,0.16433025619506836,False,REGULAR,USD,call
SPY280616C01200000,2026-05-11 19:18:02+00:00,1200.0,1.77,1.68,1.77,0.15999997,9.937885,201.0,719,0.16483379119873048,False,REGULAR,USD,call
SPY280616C01210000,2026-05-07 14:09:35+00:00,1210.0,1.51,1.56,1.65,0.0,0.0,1.0,2,0.165322067565918,False,REGULAR,USD,call
SPY280616C01220000,2026-05-06 19:25:39+00:00,1220.0,1.45,1.46,1.54,0.0,0.0,1.0,3,0.16584086120605473,False,REGULAR,USD,call
SPY280616C01230000,2026-01-27 16:28:32+00:00,1230.0,0.83,0.57,0.66,0.0,0.0,2.0,2,0.14966670654296876,False,REGULAR,USD,call
SPY280616C01240000,2026-05-01 14:44:08+00:00,1240.0,1.05,1.28,1.36,0.0,0.0,2.0,2,0.16715310394287114,False,REGULAR,USD,call
SPY280616C01250000,2026-05-04 19:51:23+00:00,1250.0,0.97,1.2,1.28,0.0,0.0,1.0,193,0.16782448394775396,False,REGULAR,USD,call
SPY280616C01260000,2026-05-08 19:26:06+00:00,1260.0,1.18,1.13,1.2,0.0,0.0,1.0,7,0.1684043121337891,False,REGULAR,USD,call
SPY280616C01270000,2026-05-07 14:28:04+00:00,1270.0,1.07,1.07,1.14,0.0,0.0,3.0,156,0.1692587957763672,False,REGULAR,USD,call
SPY280616C01280000,2026-05-11 19:18:02+00:00,1280.0,1.05,1.0,1.08,0.0,0.0,400.0,42,0.1700217276000977,False,REGULAR,USD,call
SPY280616C01290000,2026-05-07 19:15:53+00:00,1290.0,0.94,0.95,1.02,0.0,0.0,30.0,59,0.17069310760498052,False,REGULAR,USD,call
SPY280616C01300000,2026-05-11 17:27:39+00:00,1300.0,0.99,0.9,0.97,0.35000002,54.687508,6.0,515,0.17151707397460939,False,REGULAR,USD,call
SPY280616C01310000,2026-05-06 14:24:13+00:00,1310.0,0.79,0.86,0.92,0.0,0.0,1.0,19,0.17224948852539065,False,REGULAR,USD,call
SPY280616C01320000,2026-01-27 15:38:56+00:00,1320.0,0.47,0.33,0.42,0.0,0.0,1.0,2,0.1583946466064453,False,REGULAR,USD,call
SPY280616C01330000,2026-03-10 19:24:56+00:00,1330.0,0.34,0.53,0.6,0.0,0.0,7.0,45,0.1669394830322266,False,REGULAR,USD,call
SPY280616C01340000,2026-04-22 14:31:07+00:00,1340.0,0.48,0.73,0.8,0.0,0.0,1.0,355,0.174812939453125,False,REGULAR,USD,call
SPY280616C01350000,2026-05-07 17:45:39+00:00,1350.0,0.66,0.69,0.76,0.0,0.0,1.0,79,0.1754843194580078,False,REGULAR,USD,call
SPY280616C01360000,2026-05-11 19:18:02+00:00,1360.0,0.7,0.66,0.72,-0.04000002,-5.405408,216.0,1711,0.17609466491699222,False,REGULAR,USD,call
SPY280616P00050000,2026-05-08 16:24:31+00:00,50.0,0.09,0.04,0.1,0.0,0.0,1.0,149,0.6269568554687501,False,REGULAR,USD,put
SPY280616P00060000,2026-03-04 16:20:15+00:00,60.0,0.16,0.0,0.0,0.0,0.0,2.0,0,0.2500075,False,REGULAR,USD,put
SPY280616P00065000,2026-02-20 15:43:32+00:00,65.0,0.19,0.0,0.0,0.0,0.0,1.0,0,0.2500075,False,REGULAR,USD,put
SPY280616P00070000,2026-04-14 13:30:04+00:00,70.0,0.16,0.11,0.17,0.0,0.0,15.0,241,0.5830119824218749,False,REGULAR,USD,put
SPY280616P00075000,2025-12-22 15:20:53+00:00,75.0,0.22,0.19,0.25,0.0,0.0,10.0,10,0.5918009570312501,False,REGULAR,USD,put
SPY280616P00090000,2026-05-06 13:51:07+00:00,90.0,0.28,0.22,0.28,0.0,0.0,,42,0.5507857421875001,False,REGULAR,USD,put
SPY280616P00095000,2026-02-05 15:15:13+00:00,95.0,0.36,0.41,0.47,0.0,0.0,2.0,7,0.5715374877929689,False,REGULAR,USD,put
SPY280616P00100000,2026-05-11 15:29:21+00:00,100.0,0.33,0.31,0.35,-0.01999998,-5.71428,20.0,134,0.5390671093750001,False,REGULAR,USD,put
SPY280616P00105000,2026-02-26 15:54:21+00:00,105.0,0.43,0.0,0.0,0.0,0.0,1.0,0,0.2500075,False,REGULAR,USD,put
SPY280616P00110000,2026-03-27 19:18:07+00:00,110.0,0.77,0.0,0.0,0.0,0.0,9.0,0,0.2500075,False,REGULAR,USD,put
SPY280616P00115000,2026-04-29 15:53:59+00:00,115.0,0.5,0.43,0.49,0.0,0.0,20.0,29,0.5205126074218749,False,REGULAR,USD,put
SPY280616P00120000,2026-05-08 17:26:01+00:00,120.0,0.52,0.48,0.54,0.0,0.0,1.0,13,0.514653291015625,False,REGULAR,USD,put
SPY280616P00125000,2026-03-17 18:45:03+00:00,125.0,0.78,0.59,0.65,0.0,0.0,,9,0.5153857055664062,False,REGULAR,USD,put
SPY280616P00130000,2026-04-27 17:30:06+00:00,130.0,0.69,0.59,0.65,0.0,0.0,3.0,18,0.5039112109375,False,REGULAR,USD,put
SPY280616P00135000,2026-05-04 18:33:11+00:00,135.0,0.77,0.65,0.7,0.0,0.0,9.0,93,0.5006153454589843,False,REGULAR,USD,put
SPY280616P00140000,2026-05-05 14:54:33+00:00,140.0,0.8,0.71,0.76,0.0,0.0,3.0,40,0.495122236328125,False,REGULAR,USD,put
SPY280616P00145000,2026-05-11 15:25:36+00:00,145.0,0.8,0.77,0.83,0.0,0.0,15.0,134,0.4904836108398438,False,REGULAR,USD,put
SPY280616P00150000,2026-05-11 14:54:10+00:00,150.0,0.87,0.83,0.89,-0.00999999,-1.1363626,6.0,440,0.4848684326171875,False,REGULAR,USD,put
SPY280616P00155000,2026-05-04 16:38:04+00:00,155.0,1.05,0.9,0.96,0.0,0.0,3.0,349,0.47986359985351557,False,REGULAR,USD,put
SPY280616P00160000,2026-01-16 20:04:39+00:00,160.0,1.05,1.3,1.37,0.0,0.0,,621,0.4943898217773438,False,REGULAR,USD,put
SPY280616P00165000,2026-04-22 17:03:49+00:00,165.0,1.19,1.04,1.09,0.0,0.0,3.0,945,0.4691215197753906,False,REGULAR,USD,put
SPY280616P00170000,2026-03-24 17:34:51+00:00,170.0,1.63,0.0,0.0,0.0,0.0,,0,0.2500075,False,REGULAR,USD,put
SPY280616P00180000,2026-01-12 20:40:33+00:00,180.0,1.46,1.49,1.54,0.0,0.0,8.0,9,0.4651542742919922,False,REGULAR,USD,put
SPY280616P00185000,2026-03-27 15:43:48+00:00,185.0,2.02,0.0,0.0,0.0,0.0,1.0,0,0.12500875,False,REGULAR,USD,put
SPY280616P00190000,2026-05-05 13:30:01+00:00,190.0,1.55,1.42,1.47,0.0,0.0,3.0,13,0.44482977050781247,False,REGULAR,USD,put
SPY280616P00195000,2026-03-11 14:58:53+00:00,195.0,2.06,1.64,1.69,0.0,0.0,4.0,4,0.4459283923339844,False,REGULAR,USD,put
SPY280616P00200000,2026-05-08 18:04:22+00:00,200.0,1.6,1.58,1.64,0.0,0.0,2.0,120,0.43579665771484377,False,REGULAR,USD,put
SPY280616P00205000,2026-04-15 18:32:26+00:00,205.0,1.9,1.67,1.73,0.0,0.0,3.0,1561,0.43140217041015627,False,REGULAR,USD,put
SPY280616P00210000,2026-02-03 17:23:25+00:00,210.0,2.06,2.5,2.56,0.0,0.0,1.0,4,0.45111632873535157,False,REGULAR,USD,put
SPY280616P00215000,2026-05-01 16:57:06+00:00,215.0,1.93,1.85,1.91,0.0,0.0,9.0,28,0.4225521612548828,False,REGULAR,USD,put
SPY280616P00220000,2026-05-07 14:42:10+00:00,220.0,1.99,1.94,2.0,0.0,0.0,1.0,21,0.41809663940429687,False,REGULAR,USD,put
SPY280616P00225000,2026-04-13 19:07:38+00:00,225.0,2.45,2.04,2.1,0.0,0.0,9.0,24,0.41394629028320307,False,REGULAR,USD,put
SPY280616P00230000,2026-04-13 15:32:03+00:00,230.0,2.61,2.14,2.2,0.0,0.0,3.0,5,0.4097959411621094,False,REGULAR,USD,put
SPY280616P00235000,2026-04-27 17:32:33+00:00,235.0,2.43,2.24,2.3,0.0,0.0,33.0,54,0.4055845574951171,False,REGULAR,USD,put
SPY280616P00240000,2026-05-05 18:46:45+00:00,240.0,2.45,2.34,2.4,0.0,0.0,3.0,80,0.40143420837402344,False,REGULAR,USD,put
SPY280616P00245000,2026-05-07 14:44:48+00:00,245.0,2.5,2.45,2.51,0.0,0.0,1.0,27,0.397466962890625,False,REGULAR,USD,put
SPY280616P00250000,2026-05-11 14:11:57+00:00,250.0,2.59,2.56,2.62,-0.00999999,-0.38461503,12.0,506,0.3935302346801758,False,REGULAR,USD,put
SPY280616P00255000,2026-05-07 13:40:23+00:00,255.0,2.71,2.67,2.74,0.0,0.0,1.0,120,0.38980712738037115,False,REGULAR,USD,put
SPY280616P00260000,2026-05-11 15:26:22+00:00,260.0,2.8,2.79,2.85,-0.00999999,-0.35587156,9.0,19,0.3858093646240234,False,REGULAR,USD,put
SPY280616P00265000,2026-05-01 17:09:52+00:00,265.0,2.96,2.91,2.97,-0.07999992,-2.6315765,30.0,2189,0.3820252227783203,False,REGULAR,USD,put
SPY280616P00270000,2026-04-13 15:54:54+00:00,270.0,3.69,3.03,3.1,0.0,0.0,10.0,12,0.3784547018432617,False,REGULAR,USD,put
SPY280616P00275000,2026-04-14 16:30:27+00:00,275.0,3.65,3.16,3.22,0.0,0.0,5.0,35,0.3746400427246094,False,REGULAR,USD,put
SPY280616P00280000,2026-05-06 13:50:50+00:00,280.0,3.38,3.29,3.35,0.0,0.0,1.0,18,0.3710084872436523,False,REGULAR,USD,put
SPY280616P00285000,2026-05-08 18:33:45+00:00,285.0,3.43,3.42,3.49,0.0,0.0,30.0,35,0.3675600354003906,False,REGULAR,USD,put
SPY280616P00290000,2026-03-27 19:40:49+00:00,290.0,5.78,0.0,0.0,0.0,0.0,1.0,0,0.12500875,False,REGULAR,USD,put
SPY280616P00295000,2026-01-12 15:52:11+00:00,295.0,4.4,4.61,4.68,0.0,0.0,1.0,1,0.37592176818847656,False,REGULAR,USD,put
SPY280616P00300000,2026-04-06 15:06:17+00:00,300.0,5.08,0.0,0.0,0.0,0.0,1.0,0,0.12500875,False,REGULAR,USD,put
SPY280616P00305000,2026-03-02 20:23:04+00:00,305.0,5.35,0.0,0.0,0.0,0.0,6.0,0,0.12500875,False,REGULAR,USD,put
SPY280616P00310000,2026-01-16 19:00:43+00:00,310.0,4.92,5.7,5.83,0.0,0.0,7.0,5,0.3740907318115234,False,REGULAR,USD,put
SPY280616P00315000,2026-01-16 19:00:53+00:00,315.0,5.11,5.92,6.06,0.0,0.0,7.0,3,0.3710084872436523,False,REGULAR,USD,put
SPY280616P00320000,2026-03-20 17:37:21+00:00,320.0,6.64,4.95,5.03,0.0,0.0,1.0,168,0.35098915618896476,False,REGULAR,USD,put
SPY280616P00325000,2026-04-22 14:19:34+00:00,325.0,5.15,4.61,4.7,0.0,0.0,10.0,66,0.3404606970214844,False,REGULAR,USD,put
SPY280616P00330000,2026-04-23 15:48:30+00:00,330.0,5.3,4.78,4.87,0.0,0.0,10.0,11,0.3372563833618164,False,REGULAR,USD,put
SPY280616P00340000,2026-05-04 17:58:35+00:00,340.0,5.45,5.13,5.22,0.0,0.0,2.0,62,0.3308782733154296,False,REGULAR,USD,put
SPY280616P00345000,2026-01-27 19:38:51+00:00,345.0,6.47,7.44,7.6,0.0,0.0,1.0,3,0.35332372756958,False,REGULAR,USD,put
SPY280616P00350000,2026-05-07 14:39:06+00:00,350.0,5.6,5.5,5.6,0.0,0.0,10.0,73,0.3247748187255859,False,REGULAR,USD,put
SPY280616P00355000,2026-05-07 14:15:11+00:00,355.0,5.81,5.69,5.8,0.0,0.0,4.0,12,0.3217993846130371,False,REGULAR,USD,put
SPY280616P00360000,2026-05-08 19:29:22+00:00,360.0,5.93,5.89,6.0,0.0,0.0,1.0,16,0.31879343322753895,False,REGULAR,USD,put
SPY280616P00365000,2026-05-01 19:50:57+00:00,365.0,6.37,6.1,6.21,0.0,0.0,10.0,10,0.315863775024414,False,REGULAR,USD,put
SPY280616P00370000,2026-04-15 18:07:59+00:00,370.0,7.42,6.31,6.42,0.0,0.0,3.0,14,0.3128883409118652,False,REGULAR,USD,put
SPY280616P00375000,2026-05-11 18:28:13+00:00,375.0,6.54,6.53,6.65,0.0,0.0,1.0,129,0.31009601043701174,False,REGULAR,USD,put
SPY280616P00380000,2026-04-21 13:30:05+00:00,380.0,7.66,6.76,6.88,0.0,0.0,1.0,4,0.30728842132568357,False,REGULAR,USD,put
SPY280616P00385000,2026-04-02 19:42:59+00:00,385.0,10.03,0.0,0.0,0.0,0.0,1.0,0,0.062509375,False,REGULAR,USD,put
SPY280616P00390000,2026-03-05 21:05:00+00:00,390.0,10.16,0.0,0.0,0.0,0.0,2.0,0,0.062509375,False,REGULAR,USD,put
SPY280616P00395000,2026-02-24 14:44:46+00:00,395.0,10.22,0.0,0.0,0.0,0.0,1.0,0,0.062509375,False,REGULAR,USD,put
SPY280616P00400000,2026-05-01 17:40:00+00:00,400.0,8.05,7.74,7.88,0.0,0.0,1.0,440,0.2963632376098633,False,REGULAR,USD,put
SPY280616P00405000,2026-04-08 19:59:28+00:00,405.0,10.35,8.01,8.15,0.0,0.0,1.0,9,0.2937082348632812,False,REGULAR,USD,put
SPY280616P00410000,2026-04-30 17:10:38+00:00,410.0,8.9,8.29,8.43,0.0,0.0,2.0,8,0.29109900802612293,False,REGULAR,USD,put
SPY280616P00415000,2026-02-24 14:47:13+00:00,415.0,11.71,0.0,0.0,0.0,0.0,2.0,0,0.062509375,False,REGULAR,USD,put
SPY280616P00420000,2026-04-27 18:11:22+00:00,420.0,9.7,8.87,9.02,0.0,0.0,1.0,11,0.28600262344360344,False,REGULAR,USD,put
SPY280616P00425000,2026-03-27 18:31:19+00:00,425.0,16.08,0.0,0.0,0.0,0.0,1.0,0,0.062509375,False,REGULAR,USD,put
SPY280616P00430000,2026-04-29 13:37:33+00:00,430.0,10.57,9.5,9.65,0.0,0.0,1.0,16,0.2810283079528808,False,REGULAR,USD,put
SPY280616P00435000,2026-03-24 13:44:48+00:00,435.0,15.67,0.0,0.0,0.0,0.0,10.0,0,0.062509375,False,REGULAR,USD,put
SPY280616P00440000,2026-05-08 16:14:30+00:00,440.0,10.18,10.17,10.32,0.0,0.0,1.0,23,0.2761455442810058,False,REGULAR,USD,put
SPY280616P00445000,2026-05-08 18:47:33+00:00,445.0,10.51,10.52,10.67,0.0,0.0,1.0,66,0.27374993835449213,False,REGULAR,USD,put
SPY280616P00450000,2026-05-11 18:58:54+00:00,450.0,10.94,10.88,11.04,-0.03999996,-0.3642984,2.0,91,0.2714306256103516,False,REGULAR,USD,put
SPY280616P00455000,2026-05-08 14:32:14+00:00,455.0,11.33,11.26,11.42,0.0,0.0,1.0,1,0.2691113128662109,False,REGULAR,USD,put
SPY280616P00460000,2026-04-17 16:55:05+00:00,460.0,13.29,11.64,11.81,0.0,0.0,8.0,401,0.26681488807678233,False,REGULAR,USD,put
SPY280616P00465000,2026-01-13 15:15:04+00:00,465.0,15.1,16.64,16.81,0.0,0.0,5.0,3,0.29140418075561514,False,REGULAR,USD,put
SPY280616P00470000,2026-04-07 15:09:29+00:00,470.0,19.3,12.46,12.62,0.0,0.0,1.0,11,0.26223729713439947,False,REGULAR,USD,put
SPY280616P00475000,2026-05-08 14:09:26+00:00,475.0,12.97,12.88,13.05,0.0,0.0,21.0,771,0.2600171655273438,False,REGULAR,USD,put
SPY280616P00480000,2026-05-08 16:14:30+00:00,480.0,13.37,13.32,13.49,0.0,0.0,1.0,52,0.2577894046020508,False,REGULAR,USD,put
SPY280616P00485000,2025-12-22 14:30:51+00:00,485.0,18.33,18.17,18.37,0.0,0.0,,4,0.2791514956665039,False,REGULAR,USD,put
SPY280616P00490000,2026-04-10 19:56:25+00:00,490.0,18.7,14.24,14.42,0.0,0.0,1.0,5,0.25345595184326175,False,REGULAR,USD,put
SPY280616P00495000,2026-01-21 15:43:41+00:00,495.0,19.57,21.43,21.71,0.0,0.0,1.0,2,0.28512525184631343,False,REGULAR,USD,put
SPY280616P00500000,2026-05-11 18:58:54+00:00,500.0,15.31,15.21,15.4,0.05000019,0.32765526,1.0,401,0.24913775772094726,False,REGULAR,USD,put
SPY280616P00505000,2026-02-06 14:36:44+00:00,505.0,21.54,24.8,25.06,0.0,0.0,1.0,2,0.2897562480163574,False,REGULAR,USD,put
SPY280616P00510000,2026-04-13 13:49:48+00:00,510.0,21.39,16.24,16.44,0.0,0.0,7.0,20,0.2448958567810059,False,REGULAR,USD,put
SPY280616P00515000,2026-03-30 19:44:05+00:00,515.0,31.2,0.0,0.0,0.0,0.0,11.0,0,0.062509375,False,REGULAR,USD,put
SPY280616P00520000,2026-04-24 14:44:19+00:00,520.0,19.56,17.34,17.54,0.0,0.0,2.0,37,0.24068447311401364,False,REGULAR,USD,put
SPY280616P00525000,2026-05-11 15:22:29+00:00,525.0,17.66,17.91,18.11,-0.70000076,-3.8126402,1.0,226,0.23857878128051757,False,REGULAR,USD,put
SPY280616P00530000,2026-04-30 15:47:24+00:00,530.0,20.41,18.49,18.7,0.0,0.0,7.0,69,0.23650360671997067,False,REGULAR,USD,put
SPY280616P00535000,2026-04-30 18:44:08+00:00,535.0,20.59,19.1,19.31,0.0,0.0,1.0,10,0.23445894943237305,False,REGULAR,USD,put
SPY280616P00540000,2026-05-08 13:40:31+00:00,540.0,20.09,19.72,19.94,0.0,0.0,4.0,159,0.2324219214630127,False,REGULAR,USD,put
SPY280616P00545000,2026-05-01 15:37:40+00:00,545.0,21.38,20.36,20.58,0.0,0.0,8.0,264,0.2303696348571777,False,REGULAR,USD,put
SPY280616P00550000,2026-05-11 14:39:11+00:00,550.0,21.05,21.02,21.24,0.049999237,0.2380916,55.0,354,0.2283326068878174,False,REGULAR,USD,put
SPY280616P00555000,2026-05-06 14:54:52+00:00,555.0,22.28,21.69,21.92,0.0,0.0,3.0,395,0.22631083755493164,False,REGULAR,USD,put
SPY280616P00560000,2026-05-11 13:44:02+00:00,560.0,22.4,22.39,22.62,0.0,0.0,1.0,212,0.22429669754028314,False,REGULAR,USD,put
SPY280616P00565000,2026-05-11 19:09:49+00:00,565.0,23.13,23.1,23.34,-0.26000023,-1.1115872,10.0,186,0.22229018684387203,False,REGULAR,USD,put
SPY280616P00570000,2026-05-04 17:09:58+00:00,570.0,26.26,23.84,24.08,0.0,0.0,1.0,712,0.22029893478393553,False,REGULAR,USD,put
SPY280616P00575000,2026-05-06 13:30:05+00:00,575.0,25.62,24.59,24.84,0.0,0.0,5.0,1269,0.2183000534057617,False,REGULAR,USD,put
SPY280616P00580000,2026-05-11 17:42:19+00:00,580.0,25.24,25.37,25.62,-0.59000015,-2.2841663,1.0,135,0.21630880134582517,False,REGULAR,USD,put
SPY280616P00585000,2026-05-11 16:25:01+00:00,585.0,26.0,26.16,26.42,-1.0,-3.7037036,1.0,36,0.21432136394500728,False,REGULAR,USD,put
SPY280616P00590000,2026-05-11 16:39:14+00:00,590.0,26.89,26.98,27.24,-0.5600014,-2.040078,1.0,78,0.21232629722595212,False,REGULAR,USD,put
SPY280616P00595000,2026-05-01 14:26:46+00:00,595.0,29.15,27.82,28.08,0.0,0.0,5.0,707,0.21033504516601562,False,REGULAR,USD,put
SPY280616P00600000,2026-05-11 19:09:32+00:00,600.0,28.89,28.68,28.94,0.17000008,0.5919223,235.0,876,0.20832853446960445,False,REGULAR,USD,put
SPY280616P00605000,2026-04-30 17:46:46+00:00,605.0,32.31,29.56,29.83,0.0,0.0,5.0,62,0.20635254104614253,False,REGULAR,USD,put
SPY280616P00610000,2026-05-08 15:10:07+00:00,610.0,30.97,30.47,30.74,0.0,0.0,4.0,135,0.20436891830444331,False,REGULAR,USD,put
SPY280616P00615000,2026-05-06 18:56:54+00:00,615.0,32.13,31.4,31.68,0.0,0.0,3.0,12,0.2024005541992187,False,REGULAR,USD,put
SPY280616P00620000,2026-05-11 14:57:40+00:00,620.0,32.0,32.35,32.63,-0.5400009,-1.6594988,10.0,37,0.2003864141845703,False,REGULAR,USD,put
SPY280616P00625000,2026-05-04 18:54:09+00:00,625.0,36.92,33.33,33.61,0.0,0.0,5.0,384,0.19838753280639648,False,REGULAR,USD,put
SPY280616P00630000,2026-05-04 18:37:13+00:00,630.0,34.3,34.33,34.62,-3.3899994,-8.994427,2.0,76,0.19640391006469726,False,REGULAR,USD,put
SPY280616P00635000,2026-05-05 14:13:34+00:00,635.0,37.69,35.36,35.66,0.0,0.0,1.0,70,0.19442791664123535,False,REGULAR,USD,put
SPY280616P00640000,2026-05-11 17:59:32+00:00,640.0,36.17,36.41,36.72,-5.5300026,-13.261396,4.0,178,0.19242903526306152,False,REGULAR,USD,put
SPY280616P00645000,2026-04-16 14:32:12+00:00,645.0,45.61,37.49,37.8,0.0,0.0,1.0,34,0.19040726593017582,False,REGULAR,USD,put
SPY280616P00650000,2026-05-11 17:59:32+00:00,650.0,38.39,38.6,38.91,-1.2999992,-3.2753825,5.0,1227,0.18838549659729,False,REGULAR,USD,put
SPY280616P00655000,2026-05-04 19:23:00+00:00,655.0,43.69,39.74,40.06,0.0,0.0,1.0,24,0.18639424453735354,False,REGULAR,USD,put
SPY280616P00660000,2026-05-11 19:29:42+00:00,660.0,41.28,40.9,41.23,0.25,0.60931027,7.0,5664,0.18437247520446778,False,REGULAR,USD,put
SPY280616P00665000,2026-05-07 15:05:56+00:00,665.0,42.69,42.09,42.43,0.0,0.0,3.0,159,0.18234307655334472,False,REGULAR,USD,put
SPY280616P00670000,2026-05-01 19:52:40+00:00,670.0,46.69,43.32,43.66,0.0,0.0,1.0,56,0.18030604858398439,False,REGULAR,USD,put
SPY280616P00675000,2026-05-08 15:30:08+00:00,675.0,45.14,44.57,44.91,0.0,0.0,31.0,1334,0.1782308740234375,False,REGULAR,USD,put
SPY280616P00680000,2026-05-11 16:54:48+00:00,680.0,45.89,45.85,46.2,-0.22000122,-0.47712258,200.0,661,0.17617095809936523,False,REGULAR,USD,put
SPY280616P00685000,2026-05-08 18:20:52+00:00,685.0,47.42,47.17,47.52,0.0,0.0,14.0,206,0.17409196887969974,False,REGULAR,USD,put
SPY280616P00690000,2026-05-07 16:08:59+00:00,690.0,49.85,48.52,48.88,0.0,0.0,2.0,64,0.17202060897827148,False,REGULAR,USD,put
SPY280616P00695000,2026-05-04 17:35:19+00:00,695.0,54.69,49.9,50.26,0.0,0.0,1.0,136,0.16990347316741944,False,REGULAR,USD,put
SPY280616P00700000,2026-05-08 15:22:11+00:00,700.0,51.8,51.31,51.69,0.0,0.0,2.0,260,0.16780922531127934,False,REGULAR,USD,put
SPY280616P00705000,2026-05-06 14:24:26+00:00,705.0,52.4,52.77,53.15,-1.9899979,-3.658757,2.0,16,0.1656882748413086,False,REGULAR,USD,put
SPY280616P00710000,2026-05-05 18:05:20+00:00,710.0,57.46,54.26,54.64,0.0,0.0,12.0,130,0.1635368070983887,False,REGULAR,USD,put
SPY280616P00715000,2026-05-11 14:53:30+00:00,715.0,55.5,55.78,56.17,-1.6599998,-2.9041286,2.0,26,0.16137771003723142,False,REGULAR,USD,put
SPY280616P00720000,2026-05-11 14:53:49+00:00,720.0,57.0,57.35,57.75,-1.1399994,-1.9607832,2.0,128,0.15922242763519284,False,REGULAR,USD,put
SPY280616P00725000,2026-05-07 14:21:45+00:00,725.0,59.56,58.96,59.37,0.0,0.0,12.0,174,0.1570518865966797,False,REGULAR,USD,put
SPY280616P00730000,2026-05-06 18:07:57+00:00,730.0,62.04,60.61,61.03,0.0,0.0,56.0,541,0.1548622722625733,False,REGULAR,USD,put
SPY280616P00735000,2026-05-06 18:07:57+00:00,735.0,63.73,62.31,62.74,0.0,0.0,3.0,115,0.1526688432693482,False,REGULAR,USD,put
SPY280616P00740000,2026-05-08 19:46:03+00:00,740.0,64.3,64.07,64.51,0.0,0.0,3.0,75,0.1504906729125977,True,REGULAR,USD,put
SPY280616P00745000,2026-03-16 14:32:02+00:00,745.0,97.94,75.34,75.78,0.0,0.0,3.0,210,0.170479486694336,True,REGULAR,USD,put
SPY280616P00750000,2026-05-11 14:36:03+00:00,750.0,67.85,67.72,68.18,-1.840004,-2.6402695,5.0,229,0.14604659503936768,True,REGULAR,USD,put
SPY280616P00755000,2026-03-04 19:50:09+00:00,755.0,93.09,0.0,0.0,0.0,0.0,1.0,0,1.0000000000000003e-05,True,REGULAR,USD,put
SPY280616P00760000,2026-05-11 14:31:43+00:00,760.0,71.69,71.59,72.07,-48.0,-40.1036,1.0,0,0.14156055591583255,True,REGULAR,USD,put
SPY280616P00765000,2026-05-05 18:11:50+00:00,765.0,78.25,73.62,74.11,0.0,0.0,1.0,170,0.13931753635406496,True,REGULAR,USD,put
SPY280616P00770000,2026-05-11 18:39:55+00:00,770.0,75.69,75.72,76.21,-35.309998,-31.810808,1.0,0,0.13705544349670415,True,REGULAR,USD,put
SPY280616P00775000,2026-05-11 18:14:12+00:00,775.0,77.69,77.86,78.36,-13.57,-14.869603,1.0,1,0.1347513893890381,True,REGULAR,USD,put
SPY280616P00780000,2026-03-27 17:38:16+00:00,780.0,145.37,0.0,0.0,0.0,0.0,9.0,0,1.0000000000000003e-05,True,REGULAR,USD,put
SPY280616P00785000,2026-03-03 20:34:24+00:00,785.0,115.35,0.0,0.0,0.0,0.0,1.0,0,1.0000000000000003e-05,True,REGULAR,USD,put
SPY280616P00790000,2026-02-17 16:25:37+00:00,790.0,116.36,0.0,0.0,0.0,0.0,1.0,0,1.0000000000000003e-05,True,REGULAR,USD,put
SPY280616P00795000,2026-05-05 19:51:25+00:00,795.0,93.4,87.14,87.67,0.0,0.0,2.0,3,0.12543599182128906,True,REGULAR,USD,put
SPY280616P00800000,2026-05-08 14:52:50+00:00,800.0,90.7,89.65,90.18,0.0,0.0,2.0,21,0.12305564453125001,True,REGULAR,USD,put
SPY280616P00810000,2026-03-20 14:50:53+00:00,810.0,157.85,107.01,112.0,0.0,0.0,1.0,1,0.15952760036468505,True,REGULAR,USD,put
SPY280616P00815000,2026-05-07 18:22:57+00:00,815.0,100.65,97.62,98.2,0.0,0.0,2.0,3,0.11578871891021729,True,REGULAR,USD,put
SPY280616P00820000,2025-12-16 17:43:51+00:00,820.0,144.75,128.95,133.5,0.0,0.0,10.0,0,0.19467586948394777,True,REGULAR,USD,put
SPY280616P00830000,2025-12-12 17:02:54+00:00,830.0,150.71,137.2,142.0,0.0,0.0,,0,0.19827309303283688,True,REGULAR,USD,put
SPY280616P00835000,2026-04-30 19:50:04+00:00,835.0,120.92,109.47,110.05,0.0,0.0,,6,0.10540903144836425,True,REGULAR,USD,put
SPY280616P00840000,2025-12-22 16:37:08+00:00,840.0,155.47,146.3,151.0,0.0,0.0,,0,0.20280490806579585,True,REGULAR,USD,put
SPY280616P00845000,2025-12-29 15:10:12+00:00,845.0,157.88,151.22,156.29,0.0,0.0,,0,0.20690948127746578,True,REGULAR,USD,put
SPY280616P00850000,2025-12-10 16:08:01+00:00,850.0,168.58,156.5,161.41,0.0,0.0,,0,0.2105524807357788,True,REGULAR,USD,put
SPY280616P00870000,2025-12-12 17:02:54+00:00,870.0,190.21,176.21,181.29,0.0,0.0,,0,0.22317900241851807,True,REGULAR,USD,put
SPY280616P01000000,2025-12-19 19:29:16+00:00,1000.0,319.0,306.5,311.33,0.0,0.0,1.0,0,0.29367008827209473,True,REGULAR,USD,put
SPY280616P01360000,2026-01-29 20:11:21+00:00,1360.0,668.0,696.53,701.5,0.0,0.0,3.0,0,0.5012180615997316,True,REGULAR,USD,put
